R0301|10001025|510050C1806A02700  |50ETF购6月2651A     |510050|50ETF   |EBS|E|C|      10185|     2.6510|20171026|20180627|20180627|20180628|20180627|0|        3181|     0.1814|     0.1814|     2.7420|N|     0.4556|     0.0001|         5198.83| 12.00|  7.00|           1|           1|          30|           1|          10|     0.0001|0000E   |        
R0301|10001026|510050C1806A02750  |50ETF购6月2700A     |510050|50ETF   |EBS|E|C|      10185|     2.7000|20171026|20180627|20180627|20180628|20180627|0|        1886|     0.1514|     0.1513|     2.7420|N|     0.4255|     0.0001|         4892.26| 12.00|  7.00|           1|           1|          30|           1|          10|     0.0001|0000E   |        
R0301|10001027|510050C1806A02800  |50ETF购6月2749A     |510050|50ETF   |EBS|E|C|      10185|     2.7490|20171026|20180627|20180627|20180628|20180627|0|        1786|     0.1239|     0.1239|     2.7420|N|     0.3974|     0.0001|         4541.90| 12.00|  7.00|           1|           1|          30|           1|          10|     0.0001|0000E   |        
R0301|10001028|510050C1806A02850  |50ETF购6月2798A     |510050|50ETF   |EBS|E|C|      10185|     2.7980|20171026|20180627|20180627|20180628|20180627|0|        2193|     0.1019|     0.1019|     2.7420|N|     0.3705|     0.0001|         3818.76| 12.00|  7.00|           1|           1|          30|           1|          10|     0.0001|0000E   |        
R0301|10001029|510050C1806A02900  |50ETF购6月2847A     |510050|50ETF   |EBS|E|C|      10185|     2.8470|20171026|20180627|20180627|20180628|20180627|0|        4677|     0.0840|     0.0840|     2.7420|N|     0.3477|     0.0001|         3137.39| 12.00|  7.00|           1|           1|          30|           1|          10|     0.0001|0000E   |        
R0301|10001030|510050P1806A02700  |50ETF沽6月2651A     |510050|50ETF   |EBS|E|P|      10185|     2.6510|20171026|20180627|20180627|20180628|20180627|0|        4099|     0.0727|     0.0727|     2.7420|N|     0.3287|     0.0001|         3164.89| 12.00|  7.00|           1|           1|          30|           1|          10|     0.0001|0000E   |        
R0301|10001031|510050P1806A02750  |50ETF沽6月2700A     |510050|50ETF   |EBS|E|P|      10185|     2.7000|20171026|20180627|20180627|20180628|20180627|0|        3492|     0.0914|     0.0898|     2.7420|N|     0.3556|     0.0001|         3838.12| 12.00|  7.00|           1|           1|          30|           1|          10|     0.0001|0000E   |        
R0301|10001032|510050P1806A02800  |50ETF沽6月2749A     |510050|50ETF   |EBS|E|P|      10185|     2.7490|20171026|20180627|20180627|20180628|20180627|0|        2158|     0.1144|     0.1142|     2.7420|N|     0.3884|     0.0001|         4514.40| 12.00|  7.00|           1|           1|          30|           1|          10|     0.0001|0000E   |        
R0301|10001033|510050P1806A02850  |50ETF沽6月2798A     |510050|50ETF   |EBS|E|P|      10185|     2.7980|20171026|20180627|20180627|20180628|20180627|0|        1426|     0.1404|     0.1404|     2.7420|N|     0.4146|     0.0001|         4781.25| 12.00|  7.00|           1|           1|          30|           1|          10|     0.0001|0000E   |        
R0301|10001034|510050P1806A02900  |50ETF沽6月2847A     |510050|50ETF   |EBS|E|P|      10185|     2.8470|20171026|20180627|20180627|20180628|20180627|0|        2321|     0.1705|     0.1698|     2.7420|N|     0.4440|     0.0001|         5080.69| 12.00|  7.00|           1|           1|          30|           1|          10|     0.0001|0000E   |        
R0301|10001041|510050C1806A02950  |50ETF购6月2896A     |510050|50ETF   |EBS|E|C|      10185|     2.8960|20171027|20180627|20180627|20180628|20180627|0|        3820|     0.0690|     0.0690|     2.7420|N|     0.3278|     0.0001|         2657.67| 12.00|  7.00|           1|           1|          30|           1|          10|     0.0001|0000E   |        
R0301|10001042|510050P1806A02950  |50ETF沽6月2896A     |510050|50ETF   |EBS|E|P|      10185|     2.8960|20171027|20180627|20180627|20180628|20180627|0|        1548|     0.2035|     0.2035|     2.7420|N|     0.4777|     0.0001|         5423.92| 12.00|  7.00|           1|           1|          30|           1|          10|     0.0001|0000E   |        
R0301|10001049|510050C1806A03000  |50ETF购6月2946A     |510050|50ETF   |EBS|E|C|      10185|     2.9460|20171108|20180627|20180627|20180628|20180627|0|        3054|     0.0551|     0.0551|     2.7420|N|     0.3089|     0.0001|         2516.10| 12.00|  7.00|           1|           1|          30|           1|          10|     0.0001|0000E   |        
R0301|10001050|510050P1806A03000  |50ETF沽6月2946A     |510050|50ETF   |EBS|E|P|      10185|     2.9460|20171108|20180627|20180627|20180628|20180627|0|        1619|     0.2380|     0.2395|     2.7420|N|     0.5137|     0.0001|         5790.58| 12.00|  7.00|           1|           1|          30|           1|          10|     0.0001|0000E   |        
R0301|10001057|510050C1806A03100  |50ETF购6月3044A     |510050|50ETF   |EBS|E|C|      10185|     3.0440|20171114|20180627|20180627|20180628|20180627|0|        6505|     0.0375|     0.0370|     2.7420|N|     0.2810|     0.0001|         2331.75| 12.00|  7.00|           1|           1|          30|           1|          10|     0.0001|0000E   |        
R0301|10001058|510050P1806A03100  |50ETF沽6月3044A     |510050|50ETF   |EBS|E|P|      10185|     3.0440|20171114|20180627|20180627|20180628|20180627|0|        1721|     0.3204|     0.3191|     2.7420|N|     0.5933|     0.0449|         6601.31| 12.00|  7.00|           1|           1|          30|           1|          10|     0.0001|0000E   |        
R0301|10001065|510050C1806A03200  |50ETF购6月3142A     |510050|50ETF   |EBS|E|C|      10185|     3.1420|20171120|20180627|20180627|20180628|20180627|0|        9138|     0.0255|     0.0255|     2.7420|N|     0.2597|     0.0001|         2214.63| 12.00|  7.00|           1|           1|          30|           1|          10|     0.0001|0000E   |        
R0301|10001066|510050P1806A03200  |50ETF沽6月3142A     |510050|50ETF   |EBS|E|P|      10185|     3.1420|20171120|20180627|20180627|20180628|20180627|0|        1442|     0.4045|     0.4057|     2.7420|N|     0.6799|     0.1315|         7483.33| 12.00|  7.00|           1|           1|          30|           1|          10|     0.0001|0000E   |        
R0301|10001071|510050C1806A03300  |50ETF购6月3240A     |510050|50ETF   |EBS|E|C|      10185|     3.2400|20171123|20180627|20180627|20180628|20180627|0|       13874|     0.0184|     0.0184|     2.7420|N|     0.2428|     0.0001|         2142.31| 12.00|  7.00|           1|           1|          30|           1|          10|     0.0001|0000E   |        
R0301|10001072|510050P1806A03300  |50ETF沽6月3240A     |510050|50ETF   |EBS|E|P|      10185|     3.2400|20171123|20180627|20180627|20180628|20180627|0|        2016|     0.4934|     0.4980|     2.7420|N|     0.7722|     0.2238|         8423.40| 12.00|  7.00|           1|           1|          30|           1|          10|     0.0001|0000E   |        
R0301|10001115|510050C1806M02800  |50ETF购6月2800      |510050|50ETF   |EBS|E|C|      10000|     2.8000|20171128|20180627|20180627|20180628|20180627|1|       11448|     0.1017|     0.1015|     2.7420|N|     0.3699|     0.0001|         3725.40| 12.00|  7.00|           1|           1|          30|           1|          10|     0.0001|0000E   |        
R0301|10001116|510050C1806M02850  |50ETF购6月2850      |510050|50ETF   |EBS|E|C|      10000|     2.8500|20171128|20180627|20180627|20180628|20180627|1|        9427|     0.0823|     0.0823|     2.7420|N|     0.3457|     0.0001|         3033.40| 12.00|  7.00|           1|           1|          30|           1|          10|     0.0001|0000E   |        
R0301|10001117|510050C1806M02900  |50ETF购6月2900      |510050|50ETF   |EBS|E|C|      10000|     2.9000|20171128|20180627|20180627|20180628|20180627|1|       13522|     0.0671|     0.0671|     2.7420|N|     0.3255|     0.0001|         2590.40| 12.00|  7.00|           1|           1|          30|           1|          10|     0.0001|0000E   |        
R0301|10001118|510050C1806M02950  |50ETF购6月2950      |510050|50ETF   |EBS|E|C|      10000|     2.9500|20171128|20180627|20180627|20180628|20180627|1|        9166|     0.0540|     0.0540|     2.7420|N|     0.3074|     0.0001|         2459.40| 12.00|  7.00|           1|           1|          30|           1|          10|     0.0001|0000E   |        
R0301|10001119|510050C1806M03000  |50ETF购6月3000      |510050|50ETF   |EBS|E|C|      10000|     3.0000|20171128|20180627|20180627|20180628|20180627|1|       17705|     0.0431|     0.0431|     2.7420|N|     0.2915|     0.0001|         2350.40| 12.00|  7.00|           1|           1|          30|           1|          10|     0.0001|0000E   |        
R0301|10001120|510050P1806M02800  |50ETF沽6月2800      |510050|50ETF   |EBS|E|P|      10000|     2.8000|20171128|20180627|20180627|20180628|20180627|1|        5388|     0.1412|     0.1420|     2.7420|N|     0.4162|     0.0001|         4710.40| 12.00|  7.00|           1|           1|          30|           1|          10|     0.0001|0000E   |        
R0301|10001121|510050P1806M02850  |50ETF沽6月2850      |510050|50ETF   |EBS|E|P|      10000|     2.8500|20171128|20180627|20180627|20180628|20180627|1|        5738|     0.1715|     0.1715|     2.7420|N|     0.4457|     0.0001|         5005.40| 12.00|  7.00|           1|           1|          30|           1|          10|     0.0001|0000E   |        
R0301|10001122|510050P1806M02900  |50ETF沽6月2900      |510050|50ETF   |EBS|E|P|      10000|     2.9000|20171128|20180627|20180627|20180628|20180627|1|        5488|     0.2063|     0.2063|     2.7420|N|     0.4805|     0.0001|         5353.40| 12.00|  7.00|           1|           1|          30|           1|          10|     0.0001|0000E   |        
R0301|10001123|510050P1806M02950  |50ETF沽6月2950      |510050|50ETF   |EBS|E|P|      10000|     2.9500|20171128|20180627|20180627|20180628|20180627|1|        3869|     0.2414|     0.2415|     2.7420|N|     0.5157|     0.0001|         5705.40| 12.00|  7.00|           1|           1|          30|           1|          10|     0.0001|0000E   |        
R0301|10001124|510050P1806M03000  |50ETF沽6月3000      |510050|50ETF   |EBS|E|P|      10000|     3.0000|20171128|20180627|20180627|20180628|20180627|1|        4440|     0.2810|     0.2810|     2.7420|N|     0.5552|     0.0068|         6100.40| 12.00|  7.00|           1|           1|          30|           1|          10|     0.0001|0000E   |        
R0301|10001131|510050C1806M02750  |50ETF购6月2750      |510050|50ETF   |EBS|E|C|      10000|     2.7500|20171201|20180627|20180627|20180628|20180627|1|        9498|     0.1235|     0.1235|     2.7420|N|     0.3969|     0.0001|         4445.40| 12.00|  7.00|           1|           1|          30|           1|          10|     0.0001|0000E   |        
R0301|10001132|510050P1806M02750  |50ETF沽6月2750      |510050|50ETF   |EBS|E|P|      10000|     2.7500|20171201|20180627|20180627|20180628|20180627|1|        4989|     0.1153|     0.1153|     2.7420|N|     0.3895|     0.0001|         4443.40| 12.00|  7.00|           1|           1|          30|           1|          10|     0.0001|0000E   |        
R0301|10001139|510050C1806M02700  |50ETF购6月2700      |510050|50ETF   |EBS|E|C|      10000|     2.7000|20171218|20180627|20180627|20180628|20180627|1|        4393|     0.1513|     0.1513|     2.7420|N|     0.4255|     0.0001|         4803.40| 12.00|  7.00|           1|           1|          30|           1|          10|     0.0001|0000E   |        
R0301|10001140|510050P1806M02700  |50ETF沽6月2700      |510050|50ETF   |EBS|E|P|      10000|     2.7000|20171218|20180627|20180627|20180628|20180627|1|        6033|     0.0898|     0.0898|     2.7420|N|     0.3556|     0.0001|         3768.40| 12.00|  7.00|           1|           1|          30|           1|          10|     0.0001|0000E   |        
R0301|10001167|510050C1806M02650  |50ETF购6月2650      |510050|50ETF   |EBS|E|C|      10000|     2.6500|20180102|20180627|20180627|20180628|20180627|1|        3064|     0.1807|     0.1814|     2.7420|N|     0.4556|     0.0001|         5104.40| 12.00|  7.00|           1|           1|          30|           1|          10|     0.0001|0000E   |        
R0301|10001168|510050C1806M03100  |50ETF购6月3100      |510050|50ETF   |EBS|E|C|      10000|     3.1000|20180102|20180627|20180627|20180628|20180627|1|       12603|     0.0297|     0.0297|     2.7420|N|     0.2681|     0.0001|         2216.40| 12.00|  7.00|           1|           1|          30|           1|          10|     0.0001|0000E   |        
R0301|10001169|510050P1806M02650  |50ETF沽6月2650      |510050|50ETF   |EBS|E|P|      10000|     2.6500|20180102|20180627|20180627|20180628|20180627|1|        8314|     0.0725|     0.0725|     2.7420|N|     0.3283|     0.0001|         3095.40| 12.00|  7.00|           1|           1|          30|           1|          10|     0.0001|0000E   |        
R0301|10001170|510050P1806M03100  |50ETF沽6月3100      |510050|50ETF   |EBS|E|P|      10000|     3.1000|20180102|20180627|20180627|20180628|20180627|1|        2550|     0.3680|     0.3680|     2.7420|N|     0.6422|     0.0938|         6970.40| 12.00|  7.00|           1|           1|          30|           1|          10|     0.0001|0000E   |        
R0301|10001177|510050C1806M03200  |50ETF购6月3200      |510050|50ETF   |EBS|E|C|      10000|     3.2000|20180103|20180627|20180627|20180628|20180627|1|       15546|     0.0210|     0.0210|     2.7420|N|     0.2494|     0.0001|         2129.40| 12.00|  7.00|           1|           1|          30|           1|          10|     0.0001|0000E   |        
R0301|10001178|510050P1806M03200  |50ETF沽6月3200      |510050|50ETF   |EBS|E|P|      10000|     3.2000|20180103|20180627|20180627|20180628|20180627|1|        2917|     0.4574|     0.4580|     2.7420|N|     0.7322|     0.1838|         7870.40| 12.00|  7.00|           1|           1|          30|           1|          10|     0.0001|0000E   |        
R0301|10001185|510050C1806M03300  |50ETF购6月3300      |510050|50ETF   |EBS|E|C|      10000|     3.3000|20180108|20180627|20180627|20180628|20180627|1|       12863|     0.0150|     0.0150|     2.7420|N|     0.2334|     0.0001|         2069.40| 12.00|  7.00|           1|           1|          30|           1|          10|     0.0001|0000E   |        
R0301|10001186|510050P1806M03300  |50ETF沽6月3300      |510050|50ETF   |EBS|E|P|      10000|     3.3000|20180108|20180627|20180627|20180628|20180627|1|        1054|     0.5521|     0.5580|     2.7420|N|     0.8322|     0.2838|         8870.40| 12.00|  7.00|           1|           1|          30|           1|          10|     0.0001|0000E   |        
R0301|10001193|510050C1806M03400  |50ETF购6月3400      |510050|50ETF   |EBS|E|C|      10000|     3.4000|20180111|20180627|20180627|20180628|20180627|1|       12615|     0.0109|     0.0109|     2.7420|N|     0.2193|     0.0001|         2028.40| 12.00|  7.00|           1|           1|          30|           1|          10|     0.0001|0000E   |        
R0301|10001194|510050P1806M03400  |50ETF沽6月3400      |510050|50ETF   |EBS|E|P|      10000|     3.4000|20180111|20180627|20180627|20180628|20180627|1|        1087|     0.6425|     0.6580|     2.7420|N|     0.9322|     0.3838|         9870.40| 12.00|  7.00|           1|           1|          30|           1|          10|     0.0001|0000E   |        
R0301|10001201|510050C1806M03500  |50ETF购6月3500      |510050|50ETF   |EBS|E|C|      10000|     3.5000|20180117|20180627|20180627|20180628|20180627|1|       20525|     0.0086|     0.0086|     2.7420|N|     0.2070|     0.0001|         2005.40| 12.00|  7.00|           1|           1|          30|           1|          10|     0.0001|0000E   |        
R0301|10001202|510050P1806M03500  |50ETF沽6月3500      |510050|50ETF   |EBS|E|P|      10000|     3.5000|20180117|20180627|20180627|20180628|20180627|1|        2706|     0.7386|     0.7580|     2.7420|N|     1.0322|     0.4838|        10870.40| 12.00|  7.00|           1|           1|          30|           1|          10|     0.0001|0000E   |        
R0301|10001209|510050C1806M03600  |50ETF购6月3600      |510050|50ETF   |EBS|E|C|      10000|     3.6000|20180124|20180627|20180627|20180628|20180627|1|       38553|     0.0072|     0.0072|     2.7420|N|     0.1956|     0.0001|         1991.40| 12.00|  7.00|           1|           1|          30|           1|          10|     0.0001|0000E   |        
R0301|10001210|510050P1806M03600  |50ETF沽6月3600      |510050|50ETF   |EBS|E|P|      10000|     3.6000|20180124|20180627|20180627|20180628|20180627|1|        4709|     0.8419|     0.8580|     2.7420|N|     1.1322|     0.5838|        11870.40| 12.00|  7.00|           1|           1|          30|           1|          10|     0.0001|0000E   |        
R0301|10001211|510050C1809M02900  |50ETF购9月2900      |510050|50ETF   |EBS|E|C|      10000|     2.9000|20180125|20180926|20180926|20180927|20180926|0|        5805|     0.1309|     0.1317|     2.7420|N|     0.3901|     0.0001|         3236.40| 12.00|  7.00|           1|           1|          30|           1|          10|     0.0001|0000E   |        
R0301|10001212|510050C1809M02950  |50ETF购9月2950      |510050|50ETF   |EBS|E|C|      10000|     2.9500|20180125|20180926|20180926|20180927|20180926|0|        4305|     0.1144|     0.1144|     2.7420|N|     0.3678|     0.0001|         3063.40| 12.00|  7.00|           1|           1|          30|           1|          10|     0.0001|0000E   |        
R0301|10001213|510050C1809M03000  |50ETF购9月3000      |510050|50ETF   |EBS|E|C|      10000|     3.0000|20180125|20180926|20180926|20180927|20180926|0|        5621|     0.1019|     0.1019|     2.7420|N|     0.3503|     0.0001|         2938.40| 12.00|  7.00|           1|           1|          30|           1|          10|     0.0001|0000E   |        
R0301|10001214|510050C1809M03100  |50ETF购9月3100      |510050|50ETF   |EBS|E|C|      10000|     3.1000|20180125|20180926|20180926|20180927|20180926|0|        5043|     0.0783|     0.0783|     2.7420|N|     0.3167|     0.0001|         2702.40| 12.00|  7.00|           1|           1|          30|           1|          10|     0.0001|0000E   |        
R0301|10001215|510050C1809M03200  |50ETF购9月3200      |510050|50ETF   |EBS|E|C|      10000|     3.2000|20180125|20180926|20180926|20180927|20180926|0|        5557|     0.0602|     0.0602|     2.7420|N|     0.2886|     0.0001|         2521.40| 12.00|  7.00|           1|           1|          30|           1|          10|     0.0001|0000E   |        
R0301|10001216|510050C1809M03300  |50ETF购9月3300      |510050|50ETF   |EBS|E|C|      10000|     3.3000|20180125|20180926|20180926|20180927|20180926|0|        3852|     0.0477|     0.0477|     2.7420|N|     0.2661|     0.0001|         2396.40| 12.00|  7.00|           1|           1|          30|           1|          10|     0.0001|0000E   |        
R0301|10001217|510050C1809M03400  |50ETF购9月3400      |510050|50ETF   |EBS|E|C|      10000|     3.4000|20180125|20180926|20180926|20180927|20180926|0|        4486|     0.0384|     0.0384|     2.7420|N|     0.2468|     0.0001|         2303.40| 12.00|  7.00|           1|           1|          30|           1|          10|     0.0001|0000E   |        
R0301|10001218|510050C1809M03500  |50ETF购9月3500      |510050|50ETF   |EBS|E|C|      10000|     3.5000|20180125|20180926|20180926|20180927|20180926|0|        6082|     0.0312|     0.0312|     2.7420|N|     0.2296|     0.0001|         2231.40| 12.00|  7.00|           1|           1|          30|           1|          10|     0.0001|0000E   |        
R0301|10001219|510050C1809M03600  |50ETF购9月3600      |510050|50ETF   |EBS|E|C|      10000|     3.6000|20180125|20180926|20180926|20180927|20180926|0|       24671|     0.0258|     0.0258|     2.7420|N|     0.2142|     0.0001|         2177.40| 12.00|  7.00|           1|           1|          30|           1|          10|     0.0001|0000E   |        
R0301|10001220|510050P1809M02900  |50ETF沽9月2900      |510050|50ETF   |EBS|E|P|      10000|     2.9000|20180125|20180926|20180926|20180927|20180926|0|        2815|     0.2473|     0.2492|     2.7420|N|     0.5234|     0.0001|         5782.40| 12.00|  7.00|           1|           1|          30|           1|          10|     0.0001|0000E   |        
R0301|10001221|510050P1809M02950  |50ETF沽9月2950      |510050|50ETF   |EBS|E|P|      10000|     2.9500|20180125|20180926|20180926|20180927|20180926|0|        2700|     0.2836|     0.2836|     2.7420|N|     0.5578|     0.0094|         6126.40| 12.00|  7.00|           1|           1|          30|           1|          10|     0.0001|0000E   |        
R0301|10001222|510050P1809M03000  |50ETF沽9月3000      |510050|50ETF   |EBS|E|P|      10000|     3.0000|20180125|20180926|20180926|20180927|20180926|0|        2323|     0.3149|     0.3172|     2.7420|N|     0.5914|     0.0430|         6462.40| 12.00|  7.00|           1|           1|          30|           1|          10|     0.0001|0000E   |        
R0301|10001223|510050P1809M03100  |50ETF沽9月3100      |510050|50ETF   |EBS|E|P|      10000|     3.1000|20180125|20180926|20180926|20180927|20180926|0|        3760|     0.3904|     0.3930|     2.7420|N|     0.6672|     0.1188|         7220.40| 12.00|  7.00|           1|           1|          30|           1|          10|     0.0001|0000E   |        
R0301|10001224|510050P1809M03200  |50ETF沽9月3200      |510050|50ETF   |EBS|E|P|      10000|     3.2000|20180125|20180926|20180926|20180927|20180926|0|        1953|     0.4731|     0.4735|     2.7420|N|     0.7477|     0.1993|         8025.40| 12.00|  7.00|           1|           1|          30|           1|          10|     0.0001|0000E   |        
R0301|10001225|510050P1809M03300  |50ETF沽9月3300      |510050|50ETF   |EBS|E|P|      10000|     3.3000|20180125|20180926|20180926|20180927|20180926|0|        1407|     0.5586|     0.5613|     2.7420|N|     0.8355|     0.2871|         8903.40| 12.00|  7.00|           1|           1|          30|           1|          10|     0.0001|0000E   |        
R0301|10001226|510050P1809M03400  |50ETF沽9月3400      |510050|50ETF   |EBS|E|P|      10000|     3.4000|20180125|20180926|20180926|20180927|20180926|0|        1261|     0.6509|     0.6580|     2.7420|N|     0.9322|     0.3838|         9870.40| 12.00|  7.00|           1|           1|          30|           1|          10|     0.0001|0000E   |        
R0301|10001227|510050P1809M03500  |50ETF沽9月3500      |510050|50ETF   |EBS|E|P|      10000|     3.5000|20180125|20180926|20180926|20180927|20180926|0|        1843|     0.7400|     0.7580|     2.7420|N|     1.0322|     0.4838|        10870.40| 12.00|  7.00|           1|           1|          30|           1|          10|     0.0001|0000E   |        
R0301|10001228|510050P1809M03600  |50ETF沽9月3600      |510050|50ETF   |EBS|E|P|      10000|     3.6000|20180125|20180926|20180926|20180927|20180926|0|        3838|     0.8316|     0.8580|     2.7420|N|     1.1322|     0.5838|        11870.40| 12.00|  7.00|           1|           1|          30|           1|          10|     0.0001|0000E   |        
R0301|10001229|510050C1809M02850  |50ETF购9月2850      |510050|50ETF   |EBS|E|C|      10000|     2.8500|20180130|20180926|20180926|20180927|20180926|0|        3796|     0.1487|     0.1487|     2.7420|N|     0.4121|     0.0001|         3697.40| 12.00|  7.00|           1|           1|          30|           1|          10|     0.0001|0000E   |        
R0301|10001230|510050P1809M02850  |50ETF沽9月2850      |510050|50ETF   |EBS|E|P|      10000|     2.8500|20180130|20180926|20180926|20180927|20180926|0|        2638|     0.2174|     0.2174|     2.7420|N|     0.4916|     0.0001|         5464.40| 12.00|  7.00|           1|           1|          30|           1|          10|     0.0001|0000E   |        
R0301|10001231|510050C1809M02800  |50ETF购9月2800      |510050|50ETF   |EBS|E|C|      10000|     2.8000|20180208|20180926|20180926|20180927|20180926|0|        3272|     0.1691|     0.1691|     2.7420|N|     0.4375|     0.0001|         4401.40| 12.00|  7.00|           1|           1|          30|           1|          10|     0.0001|0000E   |        
R0301|10001232|510050P1809M02800  |50ETF沽9月2800      |510050|50ETF   |EBS|E|P|      10000|     2.8000|20180208|20180926|20180926|20180927|20180926|0|        2976|     0.1903|     0.1903|     2.7420|N|     0.4645|     0.0001|         5193.40| 12.00|  7.00|           1|           1|          30|           1|          10|     0.0001|0000E   |        
R0301|10001233|510050C1809M02750  |50ETF购9月2750      |510050|50ETF   |EBS|E|C|      10000|     2.7500|20180209|20180926|20180926|20180927|20180926|0|        2585|     0.1925|     0.1925|     2.7420|N|     0.4659|     0.0001|         5135.40| 12.00|  7.00|           1|           1|          30|           1|          10|     0.0001|0000E   |        
R0301|10001234|510050P1809M02750  |50ETF沽9月2750      |510050|50ETF   |EBS|E|P|      10000|     2.7500|20180209|20180926|20180926|20180927|20180926|0|        3658|     0.1630|     0.1630|     2.7420|N|     0.4372|     0.0001|         4920.40| 12.00|  7.00|           1|           1|          30|           1|          10|     0.0001|0000E   |        
R0301|10001239|510050C1806M02600  |50ETF购6月2600      |510050|50ETF   |EBS|E|C|      10000|     2.6000|20180212|20180627|20180627|20180628|20180627|1|        4643|     0.2162|     0.2162|     2.7420|N|     0.4904|     0.0001|         5452.40| 12.00|  7.00|           1|           1|          30|           1|          10|     0.0001|0000E   |        
R0301|10001240|510050P1806M02600  |50ETF沽6月2600      |510050|50ETF   |EBS|E|P|      10000|     2.6000|20180212|20180627|20180627|20180628|20180627|1|       11111|     0.0570|     0.0569|     2.7420|N|     0.3027|     0.0001|         2439.40| 12.00|  7.00|           1|           1|          30|           1|          10|     0.0001|0000E   |        
R0301|10001241|510050C1809M02600  |50ETF购9月2600      |510050|50ETF   |EBS|E|C|      10000|     2.6000|20180212|20180926|20180926|20180927|20180926|0|        3834|     0.2760|     0.2757|     2.7420|N|     0.5499|     0.0015|         6047.40| 12.00|  7.00|           1|           1|          30|           1|          10|     0.0001|0000E   |        
R0301|10001242|510050C1809M02650  |50ETF购9月2650      |510050|50ETF   |EBS|E|C|      10000|     2.6500|20180212|20180926|20180926|20180927|20180926|0|        1734|     0.2450|     0.2450|     2.7420|N|     0.5192|     0.0001|         5740.40| 12.00|  7.00|           1|           1|          30|           1|          10|     0.0001|0000E   |        
R0301|10001243|510050C1809M02700  |50ETF购9月2700      |510050|50ETF   |EBS|E|C|      10000|     2.7000|20180212|20180926|20180926|20180927|20180926|0|        2484|     0.2165|     0.2176|     2.7420|N|     0.4918|     0.0001|         5466.40| 12.00|  7.00|           1|           1|          30|           1|          10|     0.0001|0000E   |        
R0301|10001244|510050P1809M02600  |50ETF沽9月2600      |510050|50ETF   |EBS|E|P|      10000|     2.6000|20180212|20180926|20180926|20180927|20180926|0|        6889|     0.0985|     0.0985|     2.7420|N|     0.3443|     0.0001|         2855.40| 12.00|  7.00|           1|           1|          30|           1|          10|     0.0001|0000E   |        
R0301|10001245|510050P1809M02650  |50ETF沽9月2650      |510050|50ETF   |EBS|E|P|      10000|     2.6500|20180212|20180926|20180926|20180927|20180926|0|        4224|     0.1180|     0.1180|     2.7420|N|     0.3738|     0.0001|         3550.40| 12.00|  7.00|           1|           1|          30|           1|          10|     0.0001|0000E   |        
R0301|10001246|510050P1809M02700  |50ETF沽9月2700      |510050|50ETF   |EBS|E|P|      10000|     2.7000|20180212|20180926|20180926|20180927|20180926|0|        4236|     0.1397|     0.1397|     2.7420|N|     0.4055|     0.0001|         4267.40| 12.00|  7.00|           1|           1|          30|           1|          10|     0.0001|0000E   |        
R0301|10001247|510050C1804M02650  |50ETF购4月2650      |510050|50ETF   |EBS|E|C|      10000|     2.6500|20180301|20180425|20180425|20180426|20180425|0|       20386|     0.1168|     0.1168|     2.7420|N|     0.3910|     0.0001|         4458.40| 12.00|  7.00|           1|           1|          30|           1|          10|     0.0001|0000E   |        
R0301|10001248|510050C1804M02700  |50ETF购4月2700      |510050|50ETF   |EBS|E|C|      10000|     2.7000|20180301|20180425|20180425|20180426|20180425|0|       33838|     0.0820|     0.0820|     2.7420|N|     0.3562|     0.0001|         4110.40| 12.00|  7.00|           1|           1|          30|           1|          10|     0.0001|0000E   |        
R0301|10001249|510050C1804M02750  |50ETF购4月2750      |510050|50ETF   |EBS|E|C|      10000|     2.7500|20180301|20180425|20180425|20180426|20180425|0|       55401|     0.0492|     0.0492|     2.7420|N|     0.3226|     0.0001|         3702.40| 12.00|  7.00|           1|           1|          30|           1|          10|     0.0001|0000E   |        
R0301|10001250|510050C1804M02800  |50ETF购4月2800      |510050|50ETF   |EBS|E|C|      10000|     2.8000|20180301|20180425|20180425|20180426|20180425|0|       78706|     0.0295|     0.0295|     2.7420|N|     0.2979|     0.0001|         3005.40| 12.00|  7.00|           1|           1|          30|           1|          10|     0.0001|0000E   |        
R0301|10001251|510050C1804M02850  |50ETF购4月2850      |510050|50ETF   |EBS|E|C|      10000|     2.8500|20180301|20180425|20180425|20180426|20180425|0|       78828|     0.0160|     0.0160|     2.7420|N|     0.2794|     0.0001|         2370.40| 12.00|  7.00|           1|           1|          30|           1|          10|     0.0001|0000E   |        
R0301|10001252|510050C1804M02900  |50ETF购4月2900      |510050|50ETF   |EBS|E|C|      10000|     2.9000|20180301|20180425|20180425|20180426|20180425|0|       65422|     0.0080|     0.0080|     2.7420|N|     0.2664|     0.0001|         1999.40| 12.00|  7.00|           1|           1|          30|           1|          10|     0.0001|0000E   |        
R0301|10001253|510050C1804M02950  |50ETF购4月2950      |510050|50ETF   |EBS|E|C|      10000|     2.9500|20180301|20180425|20180425|20180426|20180425|0|       47256|     0.0037|     0.0037|     2.7420|N|     0.2571|     0.0001|         1956.40| 12.00|  7.00|           1|           1|          30|           1|          10|     0.0001|0000E   |        
R0301|10001254|510050C1804M03000  |50ETF购4月3000      |510050|50ETF   |EBS|E|C|      10000|     3.0000|20180301|20180425|20180425|20180426|20180425|0|       51813|     0.0019|     0.0019|     2.7420|N|     0.2503|     0.0001|         1938.40| 12.00|  7.00|           1|           1|          30|           1|          10|     0.0001|0000E   |        
R0301|10001255|510050C1804M03100  |50ETF购4月3100      |510050|50ETF   |EBS|E|C|      10000|     3.1000|20180301|20180425|20180425|20180426|20180425|0|       40777|     0.0010|     0.0010|     2.7420|N|     0.2394|     0.0001|         1929.40| 12.00|  7.00|           1|           1|          30|           1|          10|     0.0001|0000E   |        
R0301|10001256|510050P1804M02650  |50ETF沽4月2650      |510050|50ETF   |EBS|E|P|      10000|     2.6500|20180301|20180425|20180425|20180426|20180425|0|       46680|     0.0205|     0.0205|     2.7420|N|     0.2763|     0.0001|         2575.40| 12.00|  7.00|           1|           1|          30|           1|          10|     0.0001|0000E   |        
R0301|10001257|510050P1804M02700  |50ETF沽4月2700      |510050|50ETF   |EBS|E|P|      10000|     2.7000|20180301|20180425|20180425|20180426|20180425|0|       45055|     0.0328|     0.0328|     2.7420|N|     0.2986|     0.0001|         3198.40| 12.00|  7.00|           1|           1|          30|           1|          10|     0.0001|0000E   |        
R0301|10001258|510050P1804M02750  |50ETF沽4月2750      |510050|50ETF   |EBS|E|P|      10000|     2.7500|20180301|20180425|20180425|20180426|20180425|0|       47356|     0.0535|     0.0535|     2.7420|N|     0.3277|     0.0001|         3825.40| 12.00|  7.00|           1|           1|          30|           1|          10|     0.0001|0000E   |        
R0301|10001259|510050P1804M02800  |50ETF沽4月2800      |510050|50ETF   |EBS|E|P|      10000|     2.8000|20180301|20180425|20180425|20180426|20180425|0|       30503|     0.0807|     0.0807|     2.7420|N|     0.3549|     0.0001|         4097.40| 12.00|  7.00|           1|           1|          30|           1|          10|     0.0001|0000E   |        
R0301|10001260|510050P1804M02850  |50ETF沽4月2850      |510050|50ETF   |EBS|E|P|      10000|     2.8500|20180301|20180425|20180425|20180426|20180425|0|       23170|     0.1189|     0.1189|     2.7420|N|     0.3931|     0.0001|         4479.40| 12.00|  7.00|           1|           1|          30|           1|          10|     0.0001|0000E   |        
R0301|10001261|510050P1804M02900  |50ETF沽4月2900      |510050|50ETF   |EBS|E|P|      10000|     2.9000|20180301|20180425|20180425|20180426|20180425|0|       14978|     0.1618|     0.1618|     2.7420|N|     0.4360|     0.0001|         4908.40| 12.00|  7.00|           1|           1|          30|           1|          10|     0.0001|0000E   |        
R0301|10001262|510050P1804M02950  |50ETF沽4月2950      |510050|50ETF   |EBS|E|P|      10000|     2.9500|20180301|20180425|20180425|20180426|20180425|0|        6328|     0.2081|     0.2080|     2.7420|N|     0.4822|     0.0001|         5370.40| 12.00|  7.00|           1|           1|          30|           1|          10|     0.0001|0000E   |        
R0301|10001263|510050P1804M03000  |50ETF沽4月3000      |510050|50ETF   |EBS|E|P|      10000|     3.0000|20180301|20180425|20180425|20180426|20180425|0|        3755|     0.2560|     0.2580|     2.7420|N|     0.5322|     0.0001|         5870.40| 12.00|  7.00|           1|           1|          30|           1|          10|     0.0001|0000E   |        
R0301|10001264|510050P1804M03100  |50ETF沽4月3100      |510050|50ETF   |EBS|E|P|      10000|     3.1000|20180301|20180425|20180425|20180426|20180425|0|        9903|     0.3546|     0.3580|     2.7420|N|     0.6322|     0.0838|         6870.40| 12.00|  7.00|           1|           1|          30|           1|          10|     0.0001|0000E   |        
R0301|10001265|510050C1804M03200  |50ETF购4月3200      |510050|50ETF   |EBS|E|C|      10000|     3.2000|20180302|20180425|20180425|20180426|20180425|0|       42664|     0.0009|     0.0009|     2.7420|N|     0.2293|     0.0001|         1928.40| 12.00|  7.00|           1|           1|          30|           1|          10|     0.0001|0000E   |        
R0301|10001266|510050P1804M03200  |50ETF沽4月3200      |510050|50ETF   |EBS|E|P|      10000|     3.2000|20180302|20180425|20180425|20180426|20180425|0|       10867|     0.4525|     0.4580|     2.7420|N|     0.7322|     0.1838|         7870.40| 12.00|  7.00|           1|           1|          30|           1|          10|     0.0001|0000E   |        
R0301|10001267|510050C1804M02600  |50ETF购4月2600      |510050|50ETF   |EBS|E|C|      10000|     2.6000|20180326|20180425|20180425|20180426|20180425|0|        9158|     0.1641|     0.1641|     2.7420|N|     0.4383|     0.0001|         4931.40| 12.00|  7.00|           1|           1|          30|           1|          10|     0.0001|0000E   |        
R0301|10001268|510050P1804M02600  |50ETF沽4月2600      |510050|50ETF   |EBS|E|P|      10000|     2.6000|20180326|20180425|20180425|20180426|20180425|0|       33709|     0.0112|     0.0112|     2.7420|N|     0.2570|     0.0001|         1982.40| 12.00|  7.00|           1|           1|          30|           1|          10|     0.0001|0000E   |        
R0301|10001271|510050C1804M02550  |50ETF购4月2550      |510050|50ETF   |EBS|E|C|      10000|     2.5500|20180327|20180425|20180425|20180426|20180425|0|        6217|     0.2011|     0.2013|     2.7420|N|     0.4755|     0.0001|         5303.40| 12.00|  7.00|           1|           1|          30|           1|          10|     0.0001|0000E   |        
R0301|10001272|510050P1804M02550  |50ETF沽4月2550      |510050|50ETF   |EBS|E|P|      10000|     2.5500|20180327|20180425|20180425|20180426|20180425|0|       38991|     0.0064|     0.0064|     2.7420|N|     0.2422|     0.0001|         1849.00| 12.00|  7.00|           1|           1|          30|           1|          10|     0.0001|0000E   |        
R0301|10001273|510050C1806M02550  |50ETF购6月2550      |510050|50ETF   |EBS|E|C|      10000|     2.5500|20180327|20180627|20180627|20180628|20180627|1|         668|     0.2531|     0.2531|     2.7420|N|     0.5273|     0.0001|         5821.40| 12.00|  7.00|           1|           1|          30|           1|          10|     0.0001|0000E   |        
R0301|10001274|510050P1806M02550  |50ETF沽6月2550      |510050|50ETF   |EBS|E|P|      10000|     2.5500|20180327|20180627|20180627|20180628|20180627|1|        4933|     0.0440|     0.0440|     2.7420|N|     0.2798|     0.0001|         2225.00| 12.00|  7.00|           1|           1|          30|           1|          10|     0.0001|0000E   |        
R0301|10001275|510050C1809M02550  |50ETF购9月2550      |510050|50ETF   |EBS|E|C|      10000|     2.5500|20180327|20180926|20180926|20180927|20180926|0|         699|     0.3075|     0.3075|     2.7420|N|     0.5817|     0.0333|         6365.40| 12.00|  7.00|           1|           1|          30|           1|          10|     0.0001|0000E   |        
R0301|10001276|510050P1809M02550  |50ETF沽9月2550      |510050|50ETF   |EBS|E|P|      10000|     2.5500|20180327|20180926|20180926|20180927|20180926|0|        4937|     0.0826|     0.0826|     2.7420|N|     0.3184|     0.0001|         2611.00| 12.00|  7.00|           1|           1|          30|           1|          10|     0.0001|0000E   |        
R0301|10001277|510050C1804M02500  |50ETF购4月2500      |510050|50ETF   |EBS|E|C|      10000|     2.5000|20180329|20180425|20180425|20180426|20180425|0|        2434|     0.2489|     0.2489|     2.7420|N|     0.5231|     0.0001|         5779.40| 12.00|  7.00|           1|           1|          30|           1|          10|     0.0001|0000E   |        
R0301|10001278|510050P1804M02500  |50ETF沽4月2500      |510050|50ETF   |EBS|E|P|      10000|     2.5000|20180329|20180425|20180425|20180426|20180425|0|       42959|     0.0041|     0.0041|     2.7420|N|     0.2299|     0.0001|         1791.00| 12.00|  7.00|           1|           1|          30|           1|          10|     0.0001|0000E   |        
R0301|10001279|510050C1806M02500  |50ETF购6月2500      |510050|50ETF   |EBS|E|C|      10000|     2.5000|20180329|20180627|20180627|20180628|20180627|1|        1133|     0.2917|     0.2933|     2.7420|N|     0.5675|     0.0191|         6223.40| 12.00|  7.00|           1|           1|          30|           1|          10|     0.0001|0000E   |        
R0301|10001280|510050P1806M02500  |50ETF沽6月2500      |510050|50ETF   |EBS|E|P|      10000|     2.5000|20180329|20180627|20180627|20180628|20180627|1|        8622|     0.0339|     0.0339|     2.7420|N|     0.2597|     0.0001|         2089.00| 12.00|  7.00|           1|           1|          30|           1|          10|     0.0001|0000E   |        
R0301|10001281|510050C1809M02500  |50ETF购9月2500      |510050|50ETF   |EBS|E|C|      10000|     2.5000|20180329|20180926|20180926|20180927|20180926|0|        1077|     0.3415|     0.3415|     2.7420|N|     0.6157|     0.0673|         6705.40| 12.00|  7.00|           1|           1|          30|           1|          10|     0.0001|0000E   |        
R0301|10001282|510050P1809M02500  |50ETF沽9月2500      |510050|50ETF   |EBS|E|P|      10000|     2.5000|20180329|20180926|20180926|20180927|20180926|0|        5407|     0.0678|     0.0678|     2.7420|N|     0.2936|     0.0001|         2428.00| 12.00|  7.00|           1|           1|          30|           1|          10|     0.0001|0000E   |        
R0301|10001283|510050C1805M02500  |50ETF购5月2500      |510050|50ETF   |EBS|E|C|      10000|     2.5000|20180329|20180523|20180523|20180524|20180523|0|        2623|     0.2695|     0.2695|     2.7420|N|     0.5437|     0.0001|         5985.40| 12.00|  7.00|           1|           1|          30|           1|          10|     0.0001|0000E   |        
R0301|10001284|510050C1805M02550  |50ETF购5月2550      |510050|50ETF   |EBS|E|C|      10000|     2.5500|20180329|20180523|20180523|20180524|20180523|0|        1535|     0.2267|     0.2267|     2.7420|N|     0.5009|     0.0001|         5557.40| 12.00|  7.00|           1|           1|          30|           1|          10|     0.0001|0000E   |        
R0301|10001285|510050C1805M02600  |50ETF购5月2600      |510050|50ETF   |EBS|E|C|      10000|     2.6000|20180329|20180523|20180523|20180524|20180523|0|        2084|     0.1865|     0.1865|     2.7420|N|     0.4607|     0.0001|         5155.40| 12.00|  7.00|           1|           1|          30|           1|          10|     0.0001|0000E   |        
R0301|10001286|510050C1805M02650  |50ETF购5月2650      |510050|50ETF   |EBS|E|C|      10000|     2.6500|20180329|20180523|20180523|20180524|20180523|0|        2562|     0.1490|     0.1490|     2.7420|N|     0.4232|     0.0001|         4780.40| 12.00|  7.00|           1|           1|          30|           1|          10|     0.0001|0000E   |        
R0301|10001287|510050C1805M02700  |50ETF购5月2700      |510050|50ETF   |EBS|E|C|      10000|     2.7000|20180329|20180523|20180523|20180524|20180523|0|        7623|     0.1162|     0.1162|     2.7420|N|     0.3904|     0.0001|         4452.40| 12.00|  7.00|           1|           1|          30|           1|          10|     0.0001|0000E   |        
R0301|10001288|510050C1805M02750  |50ETF购5月2750      |510050|50ETF   |EBS|E|C|      10000|     2.7500|20180329|20180523|20180523|20180524|20180523|0|       12541|     0.0890|     0.0890|     2.7420|N|     0.3624|     0.0001|         4100.40| 12.00|  7.00|           1|           1|          30|           1|          10|     0.0001|0000E   |        
R0301|10001289|510050C1805M02800  |50ETF购5月2800      |510050|50ETF   |EBS|E|C|      10000|     2.8000|20180329|20180523|20180523|20180524|20180523|0|       10962|     0.0686|     0.0686|     2.7420|N|     0.3370|     0.0001|         3396.40| 12.00|  7.00|           1|           1|          30|           1|          10|     0.0001|0000E   |        
R0301|10001290|510050C1805M02850  |50ETF购5月2850      |510050|50ETF   |EBS|E|C|      10000|     2.8500|20180329|20180523|20180523|20180524|20180523|0|        8368|     0.0492|     0.0492|     2.7420|N|     0.3126|     0.0001|         2702.40| 12.00|  7.00|           1|           1|          30|           1|          10|     0.0001|0000E   |        
R0301|10001291|510050C1805M02900  |50ETF购5月2900      |510050|50ETF   |EBS|E|C|      10000|     2.9000|20180329|20180523|20180523|20180524|20180523|0|       11627|     0.0347|     0.0347|     2.7420|N|     0.2931|     0.0001|         2266.40| 12.00|  7.00|           1|           1|          30|           1|          10|     0.0001|0000E   |        
R0301|10001292|510050P1805M02500  |50ETF沽5月2500      |510050|50ETF   |EBS|E|P|      10000|     2.5000|20180329|20180523|20180523|20180524|20180523|0|       15017|     0.0190|     0.0190|     2.7420|N|     0.2448|     0.0001|         1940.00| 12.00|  7.00|           1|           1|          30|           1|          10|     0.0001|0000E   |        
R0301|10001293|510050P1805M02550  |50ETF沽5月2550      |510050|50ETF   |EBS|E|P|      10000|     2.5500|20180329|20180523|20180523|20180524|20180523|0|       10383|     0.0266|     0.0266|     2.7420|N|     0.2624|     0.0001|         2051.00| 12.00|  7.00|           1|           1|          30|           1|          10|     0.0001|0000E   |        
R0301|10001294|510050P1805M02600  |50ETF沽5月2600      |510050|50ETF   |EBS|E|P|      10000|     2.6000|20180329|20180523|20180523|20180524|20180523|0|        9379|     0.0354|     0.0354|     2.7420|N|     0.2812|     0.0001|         2224.40| 12.00|  7.00|           1|           1|          30|           1|          10|     0.0001|0000E   |        
R0301|10001295|510050P1805M02650  |50ETF沽5月2650      |510050|50ETF   |EBS|E|P|      10000|     2.6500|20180329|20180523|20180523|20180524|20180523|0|        7110|     0.0486|     0.0486|     2.7420|N|     0.3044|     0.0001|         2856.40| 12.00|  7.00|           1|           1|          30|           1|          10|     0.0001|0000E   |        
R0301|10001296|510050P1805M02700  |50ETF沽5月2700      |510050|50ETF   |EBS|E|P|      10000|     2.7000|20180329|20180523|20180523|20180524|20180523|0|        9105|     0.0659|     0.0659|     2.7420|N|     0.3317|     0.0001|         3529.40| 12.00|  7.00|           1|           1|          30|           1|          10|     0.0001|0000E   |        
R0301|10001297|510050P1805M02750  |50ETF沽5月2750      |510050|50ETF   |EBS|E|P|      10000|     2.7500|20180329|20180523|20180523|20180524|20180523|0|        9581|     0.0882|     0.0882|     2.7420|N|     0.3624|     0.0001|         4172.40| 12.00|  7.00|           1|           1|          30|           1|          10|     0.0001|0000E   |        
R0301|10001298|510050P1805M02800  |50ETF沽5月2800      |510050|50ETF   |EBS|E|P|      10000|     2.8000|20180329|20180523|20180523|20180524|20180523|0|        5075|     0.1156|     0.1156|     2.7420|N|     0.3898|     0.0001|         4446.40| 12.00|  7.00|           1|           1|          30|           1|          10|     0.0001|0000E   |        
R0301|10001299|510050P1805M02850  |50ETF沽5月2850      |510050|50ETF   |EBS|E|P|      10000|     2.8500|20180329|20180523|20180523|20180524|20180523|0|        2851|     0.1464|     0.1464|     2.7420|N|     0.4206|     0.0001|         4754.40| 12.00|  7.00|           1|           1|          30|           1|          10|     0.0001|0000E   |        
R0301|10001300|510050P1805M02900  |50ETF沽5月2900      |510050|50ETF   |EBS|E|P|      10000|     2.9000|20180329|20180523|20180523|20180524|20180523|0|        2674|     0.1830|     0.1830|     2.7420|N|     0.4572|     0.0001|         5120.40| 12.00|  7.00|           1|           1|          30|           1|          10|     0.0001|0000E   |        
R0301|10001301|510050C1805M02950  |50ETF购5月2950      |510050|50ETF   |EBS|E|C|      10000|     2.9500|20180330|20180523|20180523|20180524|20180523|0|       11404|     0.0245|     0.0245|     2.7420|N|     0.2779|     0.0001|         2164.40| 12.00|  7.00|           1|           1|          30|           1|          10|     0.0001|0000E   |        
R0301|10001302|510050P1805M02950  |50ETF沽5月2950      |510050|50ETF   |EBS|E|P|      10000|     2.9500|20180330|20180523|20180523|20180524|20180523|0|        1683|     0.2225|     0.2225|     2.7420|N|     0.4967|     0.0001|         5515.40| 12.00|  7.00|           1|           1|          30|           1|          10|     0.0001|0000E   |        
R0301|10001303|510050C1805M03000  |50ETF购5月3000      |510050|50ETF   |EBS|E|C|      10000|     3.0000|20180411|20180523|20180523|20180524|20180523|0|        5431|     0.0171|     0.0171|     2.7420|N|     0.2655|     0.0001|         2090.40| 12.00|  7.00|           1|           1|          30|           1|          10|     0.0001|0000E   |        
R0301|10001304|510050P1805M03000  |50ETF沽5月3000      |510050|50ETF   |EBS|E|P|      10000|     3.0000|20180411|20180523|20180523|20180524|20180523|0|        1099|     0.2645|     0.2646|     2.7420|N|     0.5388|     0.0001|         5936.40| 12.00|  7.00|           1|           1|          30|           1|          10|     0.0001|0000E   |        
