R0301|10000969|510050C1803A02600  |50ETF购3月2553A     |510050|50ETF   |EBS|E|C|      10185|     2.5530|20170727|20180328|20180328|20180329|20180328|0|        1169|     0.1961|     0.2280|     2.7810|N|     0.5061|     0.0001|         5721.12| 12.00|  7.00|           1|           1|          30|           1|          10|     0.0001|0010E   |        
R0301|10000970|510050C1803A02650  |50ETF购3月2602A     |510050|50ETF   |EBS|E|C|      10185|     2.6020|20170727|20180328|20180328|20180329|20180328|0|        1138|     0.1528|     0.1790|     2.7810|N|     0.4571|     0.0001|         5222.05| 12.00|  7.00|           1|           1|          30|           1|          10|     0.0001|0010E   |        
R0301|10000971|510050C1803A02700  |50ETF购3月2651A     |510050|50ETF   |EBS|E|C|      10185|     2.6510|20170727|20180328|20180328|20180329|20180328|0|        1171|     0.1089|     0.1300|     2.7810|N|     0.4081|     0.0001|         4722.99| 12.00|  7.00|           1|           1|          30|           1|          10|     0.0001|0010E   |        
R0301|10000972|510050C1803A02750  |50ETF购3月2700A     |510050|50ETF   |EBS|E|C|      10185|     2.7000|20170727|20180328|20180328|20180329|20180328|0|        1316|     0.0711|     0.0810|     2.7810|N|     0.3591|     0.0001|         4223.92| 12.00|  7.00|           1|           1|          30|           1|          10|     0.0001|0010E   |        
R0301|10000973|510050C1803A02800  |50ETF购3月2749A     |510050|50ETF   |EBS|E|C|      10185|     2.7490|20170727|20180328|20180328|20180329|20180328|0|        2056|     0.0390|     0.0390|     2.7810|N|     0.3171|     0.0001|         3796.15| 12.00|  7.00|           1|           1|          30|           1|          10|     0.0001|0010E   |        
R0301|10000974|510050P1803A02600  |50ETF沽3月2553A     |510050|50ETF   |EBS|E|P|      10185|     2.5530|20170727|20180328|20180328|20180329|20180328|0|       13204|     0.0052|     0.0052|     2.7810|N|     0.2377|     0.0001|         1873.12| 12.00|  7.00|           1|           1|          30|           1|          10|     0.0001|0010E   |        
R0301|10000975|510050P1803A02650  |50ETF沽3月2602A     |510050|50ETF   |EBS|E|P|      10185|     2.6020|20170727|20180328|20180328|20180329|20180328|0|       11002|     0.0090|     0.0090|     2.7810|N|     0.2513|     0.0001|         1946.76| 12.00|  7.00|           1|           1|          30|           1|          10|     0.0001|0010E   |        
R0301|10000976|510050P1803A02700  |50ETF沽3月2651A     |510050|50ETF   |EBS|E|P|      10185|     2.6510|20170727|20180328|20180328|20180329|20180328|0|        9306|     0.0155|     0.0155|     2.7810|N|     0.2676|     0.0001|         2232.76| 12.00|  7.00|           1|           1|          30|           1|          10|     0.0001|0010E   |        
R0301|10000977|510050P1803A02750  |50ETF沽3月2700A     |510050|50ETF   |EBS|E|P|      10185|     2.7000|20170727|20180328|20180328|20180329|20180328|0|        9393|     0.0278|     0.0290|     2.7810|N|     0.2909|     0.0001|         2869.32| 12.00|  7.00|           1|           1|          30|           1|          10|     0.0001|0010E   |        
R0301|10000978|510050P1803A02800  |50ETF沽3月2749A     |510050|50ETF   |EBS|E|P|      10185|     2.7490|20170727|20180328|20180328|20180329|20180328|0|        7102|     0.0463|     0.0463|     2.7810|N|     0.3180|     0.0001|         3544.58| 12.00|  7.00|           1|           1|          30|           1|          10|     0.0001|0010E   |        
R0301|10000985|510050C1803A02850  |50ETF购3月2798A     |510050|50ETF   |EBS|E|C|      10185|     2.7980|20170803|20180328|20180328|20180329|20180328|0|        4651|     0.0209|     0.0209|     2.7810|N|     0.2973|     0.0001|         3438.66| 12.00|  7.00|           1|           1|          30|           1|          10|     0.0001|0010E   |        
R0301|10000986|510050P1803A02850  |50ETF沽3月2798A     |510050|50ETF   |EBS|E|P|      10185|     2.7980|20170803|20180328|20180328|20180329|20180328|0|        2981|     0.0760|     0.0760|     2.7810|N|     0.3541|     0.0001|         4173.00| 12.00|  7.00|           1|           1|          30|           1|          10|     0.0001|0010E   |        
R0301|10000987|510050C1803A02550  |50ETF购3月2504A     |510050|50ETF   |EBS|E|C|      10185|     2.5040|20170807|20180328|20180328|20180329|20180328|0|         771|     0.2408|     0.2770|     2.7810|N|     0.5551|     0.0001|         6220.18| 12.00|  7.00|           1|           1|          30|           1|          10|     0.0001|0010E   |        
R0301|10000988|510050P1803A02550  |50ETF沽3月2504A     |510050|50ETF   |EBS|E|P|      10185|     2.5040|20170807|20180328|20180328|20180329|20180328|0|       14768|     0.0030|     0.0030|     2.7810|N|     0.2257|     0.0001|         1815.78| 12.00|  7.00|           1|           1|          30|           1|          10|     0.0001|0010E   |        
R0301|10000989|510050C1803A02500  |50ETF购3月2455A     |510050|50ETF   |EBS|E|C|      10185|     2.4550|20170814|20180328|20180328|20180329|20180328|0|        5098|     0.2887|     0.3260|     2.7810|N|     0.6041|     0.0479|         6719.25| 12.00|  7.00|           1|           1|          30|           1|          10|     0.0001|0010E   |        
R0301|10000990|510050P1803A02500  |50ETF沽3月2455A     |510050|50ETF   |EBS|E|P|      10185|     2.4550|20170814|20180328|20180328|20180329|20180328|0|       24685|     0.0019|     0.0019|     2.7810|N|     0.2148|     0.0001|         1769.64| 12.00|  7.00|           1|           1|          30|           1|          10|     0.0001|0010E   |        
R0301|10001009|510050C1803A02900  |50ETF购3月2847A     |510050|50ETF   |EBS|E|C|      10185|     2.8470|20170829|20180328|20180328|20180329|20180328|0|        5210|     0.0085|     0.0085|     2.7810|N|     0.2800|     0.0001|         2813.30| 12.00|  7.00|           1|           1|          30|           1|          10|     0.0001|0010E   |        
R0301|10001010|510050P1803A02900  |50ETF沽3月2847A     |510050|50ETF   |EBS|E|P|      10185|     2.8470|20170829|20180328|20180328|20180329|20180328|0|        3117|     0.1140|     0.1140|     2.7810|N|     0.3921|     0.0001|         4560.03| 12.00|  7.00|           1|           1|          30|           1|          10|     0.0001|0010E   |        
R0301|10001025|510050C1806A02700  |50ETF购6月2651A     |510050|50ETF   |EBS|E|C|      10185|     2.6510|20171026|20180627|20180627|20180628|20180627|0|        2787|     0.1930|     0.1930|     2.7810|N|     0.4711|     0.0001|         5364.64| 12.00|  7.00|           1|           1|          30|           1|          10|     0.0001|0000E   |        
R0301|10001026|510050C1806A02750  |50ETF购6月2700A     |510050|50ETF   |EBS|E|C|      10185|     2.7000|20171026|20180627|20180627|20180628|20180627|0|        1367|     0.1645|     0.1645|     2.7810|N|     0.4426|     0.0001|         5074.37| 12.00|  7.00|           1|           1|          30|           1|          10|     0.0001|0000E   |        
R0301|10001027|510050C1806A02800  |50ETF购6月2749A     |510050|50ETF   |EBS|E|C|      10185|     2.7490|20171026|20180627|20180627|20180628|20180627|0|        1232|     0.1398|     0.1398|     2.7810|N|     0.4179|     0.0001|         4822.80| 12.00|  7.00|           1|           1|          30|           1|          10|     0.0001|0000E   |        
R0301|10001028|510050C1806A02850  |50ETF购6月2798A     |510050|50ETF   |EBS|E|C|      10185|     2.7980|20171026|20180627|20180627|20180628|20180627|0|        1991|     0.1180|     0.1180|     2.7810|N|     0.3944|     0.0001|         4427.62| 12.00|  7.00|           1|           1|          30|           1|          10|     0.0001|0000E   |        
R0301|10001029|510050C1806A02900  |50ETF购6月2847A     |510050|50ETF   |EBS|E|C|      10185|     2.8470|20171026|20180627|20180627|20180628|20180627|0|        3215|     0.0988|     0.0993|     2.7810|N|     0.3708|     0.0001|         3738.10| 12.00|  7.00|           1|           1|          30|           1|          10|     0.0001|0000E   |        
R0301|10001030|510050P1806A02700  |50ETF沽6月2651A     |510050|50ETF   |EBS|E|P|      10185|     2.6510|20171026|20180627|20180627|20180628|20180627|0|        5360|     0.0987|     0.0987|     2.7810|N|     0.3508|     0.0001|         3080.15| 12.00|  7.00|           1|           1|          30|           1|          10|     0.0001|0000E   |        
R0301|10001031|510050P1806A02750  |50ETF沽6月2700A     |510050|50ETF   |EBS|E|P|      10185|     2.7000|20171026|20180627|20180627|20180628|20180627|0|        3865|     0.1195|     0.1192|     2.7810|N|     0.3811|     0.0001|         3788.01| 12.00|  7.00|           1|           1|          30|           1|          10|     0.0001|0000E   |        
R0301|10001032|510050P1806A02800  |50ETF沽6月2749A     |510050|50ETF   |EBS|E|P|      10185|     2.7490|20171026|20180627|20180627|20180628|20180627|0|        2429|     0.1420|     0.1420|     2.7810|N|     0.4137|     0.0001|         4519.29| 12.00|  7.00|           1|           1|          30|           1|          10|     0.0001|0000E   |        
R0301|10001033|510050P1806A02850  |50ETF沽6月2798A     |510050|50ETF   |EBS|E|P|      10185|     2.7980|20171026|20180627|20180627|20180628|20180627|0|        1891|     0.1699|     0.1697|     2.7810|N|     0.4478|     0.0001|         5127.33| 12.00|  7.00|           1|           1|          30|           1|          10|     0.0001|0000E   |        
R0301|10001034|510050P1806A02900  |50ETF沽6月2847A     |510050|50ETF   |EBS|E|P|      10185|     2.8470|20171026|20180627|20180627|20180628|20180627|0|        2223|     0.1987|     0.1987|     2.7810|N|     0.4768|     0.0001|         5422.70| 12.00|  7.00|           1|           1|          30|           1|          10|     0.0001|0000E   |        
R0301|10001039|510050C1803A02950  |50ETF购3月2896A     |510050|50ETF   |EBS|E|C|      10185|     2.8960|20171027|20180328|20180328|20180329|20180328|0|        5796|     0.0041|     0.0041|     2.7810|N|     0.2707|     0.0001|         2269.42| 12.00|  7.00|           1|           1|          30|           1|          10|     0.0001|0010E   |        
R0301|10001040|510050P1803A02950  |50ETF沽3月2896A     |510050|50ETF   |EBS|E|P|      10185|     2.8960|20171027|20180328|20180328|20180329|20180328|0|        3864|     0.1585|     0.1585|     2.7810|N|     0.4366|     0.0001|         5013.26| 12.00|  7.00|           1|           1|          30|           1|          10|     0.0001|0010E   |        
R0301|10001041|510050C1806A02950  |50ETF购6月2896A     |510050|50ETF   |EBS|E|C|      10185|     2.8960|20171027|20180627|20180627|20180628|20180627|0|        3183|     0.0841|     0.0838|     2.7810|N|     0.3504|     0.0001|         3081.17| 12.00|  7.00|           1|           1|          30|           1|          10|     0.0001|0000E   |        
R0301|10001042|510050P1806A02950  |50ETF沽6月2896A     |510050|50ETF   |EBS|E|P|      10185|     2.8960|20171027|20180627|20180627|20180628|20180627|0|        1875|     0.2307|     0.2307|     2.7810|N|     0.5088|     0.0001|         5748.62| 12.00|  7.00|           1|           1|          30|           1|          10|     0.0001|0000E   |        
R0301|10001047|510050C1803A03000  |50ETF购3月2946A     |510050|50ETF   |EBS|E|C|      10185|     2.9460|20171108|20180328|20180328|20180329|20180328|0|        9306|     0.0017|     0.0017|     2.7810|N|     0.2633|     0.0001|         2000.03| 12.00|  7.00|           1|           1|          30|           1|          10|     0.0001|0010E   |        
R0301|10001048|510050P1803A03000  |50ETF沽3月2946A     |510050|50ETF   |EBS|E|P|      10185|     2.9460|20171108|20180328|20180328|20180329|20180328|0|        1548|     0.2061|     0.2061|     2.7810|N|     0.4842|     0.0001|         5498.07| 12.00|  7.00|           1|           1|          30|           1|          10|     0.0001|0010E   |        
R0301|10001049|510050C1806A03000  |50ETF购6月2946A     |510050|50ETF   |EBS|E|C|      10185|     2.9460|20171108|20180627|20180627|20180628|20180627|0|        2879|     0.0703|     0.0701|     2.7810|N|     0.3317|     0.0001|         2696.68| 12.00|  7.00|           1|           1|          30|           1|          10|     0.0001|0000E   |        
R0301|10001050|510050P1806A03000  |50ETF沽6月2946A     |510050|50ETF   |EBS|E|P|      10185|     2.9460|20171108|20180627|20180627|20180628|20180627|0|        1785|     0.2672|     0.2672|     2.7810|N|     0.5453|     0.0001|         6120.37| 12.00|  7.00|           1|           1|          30|           1|          10|     0.0001|0000E   |        
R0301|10001055|510050C1803A03100  |50ETF购3月3044A     |510050|50ETF   |EBS|E|C|      10185|     3.0440|20171114|20180328|20180328|20180329|20180328|0|       18398|     0.0007|     0.0007|     2.7810|N|     0.2525|     0.0001|         1989.84| 12.00|  7.00|           1|           1|          30|           1|          10|     0.0001|0010E   |        
R0301|10001056|510050P1803A03100  |50ETF沽3月3044A     |510050|50ETF   |EBS|E|P|      10185|     3.0440|20171114|20180328|20180328|20180329|20180328|0|        1933|     0.3017|     0.3017|     2.7810|N|     0.5798|     0.0236|         6471.75| 12.00|  7.00|           1|           1|          30|           1|          10|     0.0001|0010E   |        
R0301|10001057|510050C1806A03100  |50ETF购6月3044A     |510050|50ETF   |EBS|E|C|      10185|     3.0440|20171114|20180627|20180627|20180628|20180627|0|        5768|     0.0506|     0.0506|     2.7810|N|     0.3024|     0.0001|         2498.07| 12.00|  7.00|           1|           1|          30|           1|          10|     0.0001|0000E   |        
R0301|10001058|510050P1806A03100  |50ETF沽6月3044A     |510050|50ETF   |EBS|E|P|      10185|     3.0440|20171114|20180627|20180627|20180628|20180627|0|        2623|     0.3440|     0.3440|     2.7810|N|     0.6221|     0.0659|         6902.58| 12.00|  7.00|           1|           1|          30|           1|          10|     0.0001|0000E   |        
R0301|10001063|510050C1803A03200  |50ETF购3月3142A     |510050|50ETF   |EBS|E|C|      10185|     3.1420|20171120|20180328|20180328|20180329|20180328|0|       16617|     0.0004|     0.0004|     2.7810|N|     0.2424|     0.0001|         1986.79| 12.00|  7.00|           1|           1|          30|           1|          10|     0.0001|0010E   |        
R0301|10001064|510050P1803A03200  |50ETF沽3月3142A     |510050|50ETF   |EBS|E|P|      10185|     3.1420|20171120|20180328|20180328|20180329|20180328|0|        1243|     0.3988|     0.3988|     2.7810|N|     0.6769|     0.1207|         7460.72| 12.00|  7.00|           1|           1|          30|           1|          10|     0.0001|0010E   |        
R0301|10001065|510050C1806A03200  |50ETF购6月3142A     |510050|50ETF   |EBS|E|C|      10185|     3.1420|20171120|20180627|20180627|20180628|20180627|0|        9007|     0.0372|     0.0372|     2.7810|N|     0.2792|     0.0001|         2361.60| 12.00|  7.00|           1|           1|          30|           1|          10|     0.0001|0000E   |        
R0301|10001066|510050P1806A03200  |50ETF沽6月3142A     |510050|50ETF   |EBS|E|P|      10185|     3.1420|20171120|20180627|20180627|20180628|20180627|0|        1716|     0.4269|     0.4269|     2.7810|N|     0.7050|     0.1488|         7746.91| 12.00|  7.00|           1|           1|          30|           1|          10|     0.0001|0000E   |        
R0301|10001069|510050C1803A03300  |50ETF购3月3240A     |510050|50ETF   |EBS|E|C|      10185|     3.2400|20171123|20180328|20180328|20180329|20180328|0|       14528|     0.0005|     0.0004|     2.7810|N|     0.2326|     0.0001|         1986.79| 12.00|  7.00|           1|           1|          30|           1|          10|     0.0001|0010E   |        
R0301|10001070|510050P1803A03300  |50ETF沽3月3240A     |510050|50ETF   |EBS|E|P|      10185|     3.2400|20171123|20180328|20180328|20180329|20180328|0|        1005|     0.4956|     0.4956|     2.7810|N|     0.7737|     0.2175|         8446.62| 12.00|  7.00|           1|           1|          30|           1|          10|     0.0001|0010E   |        
R0301|10001071|510050C1806A03300  |50ETF购6月3240A     |510050|50ETF   |EBS|E|C|      10185|     3.2400|20171123|20180627|20180627|20180628|20180627|0|       13585|     0.0277|     0.0277|     2.7810|N|     0.2599|     0.0001|         2264.84| 12.00|  7.00|           1|           1|          30|           1|          10|     0.0001|0000E   |        
R0301|10001072|510050P1806A03300  |50ETF沽6月3240A     |510050|50ETF   |EBS|E|P|      10185|     3.2400|20171123|20180627|20180627|20180628|20180627|0|        2413|     0.5145|     0.5145|     2.7810|N|     0.7926|     0.2364|         8639.12| 12.00|  7.00|           1|           1|          30|           1|          10|     0.0001|0000E   |        
R0301|10001105|510050C1803M02800  |50ETF购3月2800      |510050|50ETF   |EBS|E|C|      10000|     2.8000|20171128|20180328|20180328|20180329|20180328|1|       28292|     0.0190|     0.0190|     2.7810|N|     0.2952|     0.0001|         3337.20| 12.00|  7.00|           1|           1|          30|           1|          10|     0.0001|0010E   |        
R0301|10001106|510050C1803M02850  |50ETF购3月2850      |510050|50ETF   |EBS|E|C|      10000|     2.8500|20171128|20180328|20180328|20180329|20180328|1|       35517|     0.0077|     0.0077|     2.7810|N|     0.2789|     0.0001|         2724.20| 12.00|  7.00|           1|           1|          30|           1|          10|     0.0001|0010E   |        
R0301|10001107|510050C1803M02900  |50ETF购3月2900      |510050|50ETF   |EBS|E|C|      10000|     2.9000|20171128|20180328|20180328|20180329|20180328|1|       59730|     0.0032|     0.0032|     2.7810|N|     0.2694|     0.0001|         2179.20| 12.00|  7.00|           1|           1|          30|           1|          10|     0.0001|0010E   |        
R0301|10001108|510050C1803M02950  |50ETF购3月2950      |510050|50ETF   |EBS|E|C|      10000|     2.9500|20171128|20180328|20180328|20180329|20180328|1|       36633|     0.0019|     0.0017|     2.7810|N|     0.2629|     0.0001|         1963.70| 12.00|  7.00|           1|           1|          30|           1|          10|     0.0001|0010E   |        
R0301|10001109|510050C1803M03000  |50ETF购3月3000      |510050|50ETF   |EBS|E|C|      10000|     3.0000|20171128|20180328|20180328|20180329|20180328|1|       47383|     0.0011|     0.0011|     2.7810|N|     0.2573|     0.0001|         1957.70| 12.00|  7.00|           1|           1|          30|           1|          10|     0.0001|0010E   |        
R0301|10001110|510050P1803M02800  |50ETF沽3月2800      |510050|50ETF   |EBS|E|P|      10000|     2.8000|20171128|20180328|20180328|20180329|20180328|1|       24891|     0.0769|     0.0769|     2.7810|N|     0.3550|     0.0001|         4106.20| 12.00|  7.00|           1|           1|          30|           1|          10|     0.0001|0010E   |        
R0301|10001111|510050P1803M02850  |50ETF沽3月2850      |510050|50ETF   |EBS|E|P|      10000|     2.8500|20171128|20180328|20180328|20180329|20180328|1|       24865|     0.1128|     0.1140|     2.7810|N|     0.3921|     0.0001|         4477.20| 12.00|  7.00|           1|           1|          30|           1|          10|     0.0001|0010E   |        
R0301|10001112|510050P1803M02900  |50ETF沽3月2900      |510050|50ETF   |EBS|E|P|      10000|     2.9000|20171128|20180328|20180328|20180329|20180328|1|       19566|     0.1621|     0.1621|     2.7810|N|     0.4402|     0.0001|         4958.20| 12.00|  7.00|           1|           1|          30|           1|          10|     0.0001|0010E   |        
R0301|10001113|510050P1803M02950  |50ETF沽3月2950      |510050|50ETF   |EBS|E|P|      10000|     2.9500|20171128|20180328|20180328|20180329|20180328|1|        9219|     0.2097|     0.2097|     2.7810|N|     0.4878|     0.0001|         5434.20| 12.00|  7.00|           1|           1|          30|           1|          10|     0.0001|0010E   |        
R0301|10001114|510050P1803M03000  |50ETF沽3月3000      |510050|50ETF   |EBS|E|P|      10000|     3.0000|20171128|20180328|20180328|20180329|20180328|1|       10614|     0.2573|     0.2573|     2.7810|N|     0.5354|     0.0001|         5910.20| 12.00|  7.00|           1|           1|          30|           1|          10|     0.0001|0010E   |        
R0301|10001115|510050C1806M02800  |50ETF购6月2800      |510050|50ETF   |EBS|E|C|      10000|     2.8000|20171128|20180627|20180627|20180628|20180627|1|        5982|     0.1172|     0.1172|     2.7810|N|     0.3934|     0.0001|         4319.20| 12.00|  7.00|           1|           1|          30|           1|          10|     0.0001|0000E   |        
R0301|10001116|510050C1806M02850  |50ETF购6月2850      |510050|50ETF   |EBS|E|C|      10000|     2.8500|20171128|20180627|20180627|20180628|20180627|1|        7492|     0.0982|     0.0982|     2.7810|N|     0.3694|     0.0001|         3629.20| 12.00|  7.00|           1|           1|          30|           1|          10|     0.0001|0000E   |        
R0301|10001117|510050C1806M02900  |50ETF购6月2900      |510050|50ETF   |EBS|E|C|      10000|     2.9000|20171128|20180627|20180627|20180628|20180627|1|        9876|     0.0836|     0.0826|     2.7810|N|     0.3488|     0.0001|         2973.20| 12.00|  7.00|           1|           1|          30|           1|          10|     0.0001|0000E   |        
R0301|10001118|510050C1806M02950  |50ETF购6月2950      |510050|50ETF   |EBS|E|C|      10000|     2.9500|20171128|20180627|20180627|20180628|20180627|1|        8419|     0.0688|     0.0688|     2.7810|N|     0.3300|     0.0001|         2634.70| 12.00|  7.00|           1|           1|          30|           1|          10|     0.0001|0000E   |        
R0301|10001119|510050C1806M03000  |50ETF购6月3000      |510050|50ETF   |EBS|E|C|      10000|     3.0000|20171128|20180627|20180627|20180628|20180627|1|       14498|     0.0575|     0.0575|     2.7810|N|     0.3137|     0.0001|         2521.70| 12.00|  7.00|           1|           1|          30|           1|          10|     0.0001|0000E   |        
R0301|10001120|510050P1806M02800  |50ETF沽6月2800      |510050|50ETF   |EBS|E|P|      10000|     2.8000|20171128|20180627|20180627|20180628|20180627|1|        6257|     0.1697|     0.1697|     2.7810|N|     0.4478|     0.0001|         5034.20| 12.00|  7.00|           1|           1|          30|           1|          10|     0.0001|0000E   |        
R0301|10001121|510050P1806M02850  |50ETF沽6月2850      |510050|50ETF   |EBS|E|P|      10000|     2.8500|20171128|20180627|20180627|20180628|20180627|1|        7025|     0.2003|     0.2003|     2.7810|N|     0.4784|     0.0001|         5340.20| 12.00|  7.00|           1|           1|          30|           1|          10|     0.0001|0000E   |        
R0301|10001122|510050P1806M02900  |50ETF沽6月2900      |510050|50ETF   |EBS|E|P|      10000|     2.9000|20171128|20180627|20180627|20180628|20180627|1|        7473|     0.2335|     0.2335|     2.7810|N|     0.5116|     0.0001|         5672.20| 12.00|  7.00|           1|           1|          30|           1|          10|     0.0001|0000E   |        
R0301|10001123|510050P1806M02950  |50ETF沽6月2950      |510050|50ETF   |EBS|E|P|      10000|     2.9500|20171128|20180627|20180627|20180628|20180627|1|        4462|     0.2699|     0.2699|     2.7810|N|     0.5480|     0.0001|         6036.20| 12.00|  7.00|           1|           1|          30|           1|          10|     0.0001|0000E   |        
R0301|10001124|510050P1806M03000  |50ETF沽6月3000      |510050|50ETF   |EBS|E|P|      10000|     3.0000|20171128|20180627|20180627|20180628|20180627|1|        5591|     0.3083|     0.3083|     2.7810|N|     0.5864|     0.0302|         6420.20| 12.00|  7.00|           1|           1|          30|           1|          10|     0.0001|0000E   |        
R0301|10001129|510050C1803M02750  |50ETF购3月2750      |510050|50ETF   |EBS|E|C|      10000|     2.7500|20171201|20180328|20180328|20180329|20180328|1|       19727|     0.0390|     0.0390|     2.7810|N|     0.3171|     0.0001|         3727.20| 12.00|  7.00|           1|           1|          30|           1|          10|     0.0001|0010E   |        
R0301|10001130|510050P1803M02750  |50ETF沽3月2750      |510050|50ETF   |EBS|E|P|      10000|     2.7500|20171201|20180328|20180328|20180329|20180328|1|       32062|     0.0485|     0.0485|     2.7810|N|     0.3204|     0.0001|         3512.20| 12.00|  7.00|           1|           1|          30|           1|          10|     0.0001|0010E   |        
R0301|10001131|510050C1806M02750  |50ETF购6月2750      |510050|50ETF   |EBS|E|C|      10000|     2.7500|20171201|20180627|20180627|20180628|20180627|1|        4497|     0.1393|     0.1393|     2.7810|N|     0.4174|     0.0001|         4730.20| 12.00|  7.00|           1|           1|          30|           1|          10|     0.0001|0000E   |        
R0301|10001132|510050P1806M02750  |50ETF沽6月2750      |510050|50ETF   |EBS|E|P|      10000|     2.7500|20171201|20180627|20180627|20180628|20180627|1|        6468|     0.1434|     0.1434|     2.7810|N|     0.4153|     0.0001|         4461.20| 12.00|  7.00|           1|           1|          30|           1|          10|     0.0001|0000E   |        
R0301|10001137|510050C1803M02700  |50ETF购3月2700      |510050|50ETF   |EBS|E|C|      10000|     2.7000|20171218|20180328|20180328|20180329|20180328|1|        7966|     0.0685|     0.0810|     2.7810|N|     0.3591|     0.0001|         4147.20| 12.00|  7.00|           1|           1|          30|           1|          10|     0.0001|0010E   |        
R0301|10001138|510050P1803M02700  |50ETF沽3月2700      |510050|50ETF   |EBS|E|P|      10000|     2.7000|20171218|20180328|20180328|20180329|20180328|1|       23378|     0.0290|     0.0290|     2.7810|N|     0.2909|     0.0001|         2817.20| 12.00|  7.00|           1|           1|          30|           1|          10|     0.0001|0010E   |        
R0301|10001139|510050C1806M02700  |50ETF购6月2700      |510050|50ETF   |EBS|E|C|      10000|     2.7000|20171218|20180627|20180627|20180628|20180627|1|        2996|     0.1645|     0.1645|     2.7810|N|     0.4426|     0.0001|         4982.20| 12.00|  7.00|           1|           1|          30|           1|          10|     0.0001|0000E   |        
R0301|10001140|510050P1806M02700  |50ETF沽6月2700      |510050|50ETF   |EBS|E|P|      10000|     2.7000|20171218|20180627|20180627|20180628|20180627|1|        5643|     0.1192|     0.1192|     2.7810|N|     0.3811|     0.0001|         3719.20| 12.00|  7.00|           1|           1|          30|           1|          10|     0.0001|0000E   |        
R0301|10001163|510050C1803M02650  |50ETF购3月2650      |510050|50ETF   |EBS|E|C|      10000|     2.6500|20180102|20180328|20180328|20180329|20180328|1|        1792|     0.1096|     0.1310|     2.7810|N|     0.4091|     0.0001|         4647.20| 12.00|  7.00|           1|           1|          30|           1|          10|     0.0001|0010E   |        
R0301|10001164|510050C1803M03100  |50ETF购3月3100      |510050|50ETF   |EBS|E|C|      10000|     3.1000|20180102|20180328|20180328|20180329|20180328|1|       41502|     0.0005|     0.0005|     2.7810|N|     0.2467|     0.0001|         1951.70| 12.00|  7.00|           1|           1|          30|           1|          10|     0.0001|0010E   |        
R0301|10001165|510050P1803M02650  |50ETF沽3月2650      |510050|50ETF   |EBS|E|P|      10000|     2.6500|20180102|20180328|20180328|20180329|20180328|1|       22353|     0.0156|     0.0155|     2.7810|N|     0.2674|     0.0001|         2182.20| 12.00|  7.00|           1|           1|          30|           1|          10|     0.0001|0010E   |        
R0301|10001166|510050P1803M03100  |50ETF沽3月3100      |510050|50ETF   |EBS|E|P|      10000|     3.1000|20180102|20180328|20180328|20180329|20180328|1|        5991|     0.3569|     0.3569|     2.7810|N|     0.6350|     0.0788|         6906.20| 12.00|  7.00|           1|           1|          30|           1|          10|     0.0001|0010E   |        
R0301|10001167|510050C1806M02650  |50ETF购6月2650      |510050|50ETF   |EBS|E|C|      10000|     2.6500|20180102|20180627|20180627|20180628|20180627|1|        2459|     0.1934|     0.1934|     2.7810|N|     0.4715|     0.0001|         5271.20| 12.00|  7.00|           1|           1|          30|           1|          10|     0.0001|0000E   |        
R0301|10001168|510050C1806M03100  |50ETF购6月3100      |510050|50ETF   |EBS|E|C|      10000|     3.1000|20180102|20180627|20180627|20180628|20180627|1|       10248|     0.0415|     0.0415|     2.7810|N|     0.2877|     0.0001|         2361.70| 12.00|  7.00|           1|           1|          30|           1|          10|     0.0001|0000E   |        
R0301|10001169|510050P1806M02650  |50ETF沽6月2650      |510050|50ETF   |EBS|E|P|      10000|     2.6500|20180102|20180627|20180627|20180628|20180627|1|       11387|     0.0971|     0.0971|     2.7810|N|     0.3490|     0.0001|         2998.20| 12.00|  7.00|           1|           1|          30|           1|          10|     0.0001|0000E   |        
R0301|10001170|510050P1806M03100  |50ETF沽6月3100      |510050|50ETF   |EBS|E|P|      10000|     3.1000|20180102|20180627|20180627|20180628|20180627|1|        2671|     0.3909|     0.3909|     2.7810|N|     0.6690|     0.1128|         7246.20| 12.00|  7.00|           1|           1|          30|           1|          10|     0.0001|0000E   |        
R0301|10001175|510050C1803M03200  |50ETF购3月3200      |510050|50ETF   |EBS|E|C|      10000|     3.2000|20180103|20180328|20180328|20180329|20180328|1|       41661|     0.0004|     0.0004|     2.7810|N|     0.2366|     0.0001|         1950.70| 12.00|  7.00|           1|           1|          30|           1|          10|     0.0001|0010E   |        
R0301|10001176|510050P1803M03200  |50ETF沽3月3200      |510050|50ETF   |EBS|E|P|      10000|     3.2000|20180103|20180328|20180328|20180329|20180328|1|       10780|     0.4579|     0.4579|     2.7810|N|     0.7360|     0.1798|         7916.20| 12.00|  7.00|           1|           1|          30|           1|          10|     0.0001|0010E   |        
R0301|10001177|510050C1806M03200  |50ETF购6月3200      |510050|50ETF   |EBS|E|C|      10000|     3.2000|20180103|20180627|20180627|20180628|20180627|1|       13955|     0.0310|     0.0310|     2.7810|N|     0.2672|     0.0001|         2256.70| 12.00|  7.00|           1|           1|          30|           1|          10|     0.0001|0000E   |        
R0301|10001178|510050P1806M03200  |50ETF沽6月3200      |510050|50ETF   |EBS|E|P|      10000|     3.2000|20180103|20180627|20180627|20180628|20180627|1|        4633|     0.4786|     0.4786|     2.7810|N|     0.7567|     0.2005|         8123.20| 12.00|  7.00|           1|           1|          30|           1|          10|     0.0001|0000E   |        
R0301|10001183|510050C1803M03300  |50ETF购3月3300      |510050|50ETF   |EBS|E|C|      10000|     3.3000|20180108|20180328|20180328|20180329|20180328|1|       29922|     0.0003|     0.0003|     2.7810|N|     0.2265|     0.0001|         1949.70| 12.00|  7.00|           1|           1|          30|           1|          10|     0.0001|0010E   |        
R0301|10001184|510050P1803M03300  |50ETF沽3月3300      |510050|50ETF   |EBS|E|P|      10000|     3.3000|20180108|20180328|20180328|20180329|20180328|1|        9428|     0.5575|     0.5575|     2.7810|N|     0.8356|     0.2794|         8912.20| 12.00|  7.00|           1|           1|          30|           1|          10|     0.0001|0010E   |        
R0301|10001185|510050C1806M03300  |50ETF购6月3300      |510050|50ETF   |EBS|E|C|      10000|     3.3000|20180108|20180627|20180627|20180628|20180627|1|       10026|     0.0237|     0.0237|     2.7810|N|     0.2499|     0.0001|         2183.70| 12.00|  7.00|           1|           1|          30|           1|          10|     0.0001|0000E   |        
R0301|10001186|510050P1806M03300  |50ETF沽6月3300      |510050|50ETF   |EBS|E|P|      10000|     3.3000|20180108|20180627|20180627|20180628|20180627|1|        1558|     0.5706|     0.5706|     2.7810|N|     0.8487|     0.2925|         9043.20| 12.00|  7.00|           1|           1|          30|           1|          10|     0.0001|0000E   |        
R0301|10001191|510050C1803M03400  |50ETF购3月3400      |510050|50ETF   |EBS|E|C|      10000|     3.4000|20180111|20180328|20180328|20180329|20180328|1|       15125|     0.0003|     0.0003|     2.7810|N|     0.2165|     0.0001|         1949.70| 12.00|  7.00|           1|           1|          30|           1|          10|     0.0001|0010E   |        
R0301|10001192|510050P1803M03400  |50ETF沽3月3400      |510050|50ETF   |EBS|E|P|      10000|     3.4000|20180111|20180328|20180328|20180329|20180328|1|        2055|     0.6566|     0.6566|     2.7810|N|     0.9347|     0.3785|         9903.20| 12.00|  7.00|           1|           1|          30|           1|          10|     0.0001|0010E   |        
R0301|10001193|510050C1806M03400  |50ETF购6月3400      |510050|50ETF   |EBS|E|C|      10000|     3.4000|20180111|20180627|20180627|20180628|20180627|1|       10972|     0.0179|     0.0179|     2.7810|N|     0.2341|     0.0001|         2125.70| 12.00|  7.00|           1|           1|          30|           1|          10|     0.0001|0000E   |        
R0301|10001194|510050P1806M03400  |50ETF沽6月3400      |510050|50ETF   |EBS|E|P|      10000|     3.4000|20180111|20180627|20180627|20180628|20180627|1|        1194|     0.6622|     0.6622|     2.7810|N|     0.9403|     0.3841|         9959.20| 12.00|  7.00|           1|           1|          30|           1|          10|     0.0001|0000E   |        
R0301|10001199|510050C1803M03500  |50ETF购3月3500      |510050|50ETF   |EBS|E|C|      10000|     3.5000|20180117|20180328|20180328|20180329|20180328|1|       26111|     0.0003|     0.0003|     2.7810|N|     0.2065|     0.0001|         1949.70| 12.00|  7.00|           1|           1|          30|           1|          10|     0.0001|0010E   |        
R0301|10001200|510050P1803M03500  |50ETF沽3月3500      |510050|50ETF   |EBS|E|P|      10000|     3.5000|20180117|20180328|20180328|20180329|20180328|1|        1613|     0.7569|     0.7569|     2.7810|N|     1.0350|     0.4788|        10906.20| 12.00|  7.00|           1|           1|          30|           1|          10|     0.0001|0010E   |        
R0301|10001201|510050C1806M03500  |50ETF购6月3500      |510050|50ETF   |EBS|E|C|      10000|     3.5000|20180117|20180627|20180627|20180628|20180627|1|       14032|     0.0147|     0.0147|     2.7810|N|     0.2209|     0.0001|         2093.70| 12.00|  7.00|           1|           1|          30|           1|          10|     0.0001|0000E   |        
R0301|10001202|510050P1806M03500  |50ETF沽6月3500      |510050|50ETF   |EBS|E|P|      10000|     3.5000|20180117|20180627|20180627|20180628|20180627|1|        1888|     0.7583|     0.7583|     2.7810|N|     1.0364|     0.4802|        10920.20| 12.00|  7.00|           1|           1|          30|           1|          10|     0.0001|0000E   |        
R0301|10001207|510050C1803M03600  |50ETF购3月3600      |510050|50ETF   |EBS|E|C|      10000|     3.6000|20180124|20180328|20180328|20180329|20180328|1|       39622|     0.0003|     0.0003|     2.7810|N|     0.1965|     0.0001|         1949.70| 12.00|  7.00|           1|           1|          30|           1|          10|     0.0001|0010E   |        
R0301|10001208|510050P1803M03600  |50ETF沽3月3600      |510050|50ETF   |EBS|E|P|      10000|     3.6000|20180124|20180328|20180328|20180329|20180328|1|        2375|     0.8550|     0.8526|     2.7810|N|     1.1307|     0.5745|        11863.20| 12.00|  7.00|           1|           1|          30|           1|          10|     0.0001|0010E   |        
R0301|10001209|510050C1806M03600  |50ETF购6月3600      |510050|50ETF   |EBS|E|C|      10000|     3.6000|20180124|20180627|20180627|20180628|20180627|1|       33152|     0.0131|     0.0131|     2.7810|N|     0.2093|     0.0001|         2077.70| 12.00|  7.00|           1|           1|          30|           1|          10|     0.0001|0000E   |        
R0301|10001210|510050P1806M03600  |50ETF沽6月3600      |510050|50ETF   |EBS|E|P|      10000|     3.6000|20180124|20180627|20180627|20180628|20180627|1|        3721|     0.8539|     0.8599|     2.7810|N|     1.1380|     0.5818|        11936.20| 12.00|  7.00|           1|           1|          30|           1|          10|     0.0001|0000E   |        
R0301|10001211|510050C1809M02900  |50ETF购9月2900      |510050|50ETF   |EBS|E|C|      10000|     2.9000|20180125|20180926|20180926|20180927|20180926|0|        4358|     0.1389|     0.1389|     2.7810|N|     0.4051|     0.0001|         3536.20| 12.00|  7.00|           1|           1|          30|           1|          10|     0.0001|0000E   |        
R0301|10001212|510050C1809M02950  |50ETF购9月2950      |510050|50ETF   |EBS|E|C|      10000|     2.9500|20180125|20180926|20180926|20180927|20180926|0|        3515|     0.1238|     0.1238|     2.7810|N|     0.3850|     0.0001|         3184.70| 12.00|  7.00|           1|           1|          30|           1|          10|     0.0001|0000E   |        
R0301|10001213|510050C1809M03000  |50ETF购9月3000      |510050|50ETF   |EBS|E|C|      10000|     3.0000|20180125|20180926|20180926|20180927|20180926|0|        4093|     0.1100|     0.1100|     2.7810|N|     0.3662|     0.0001|         3046.70| 12.00|  7.00|           1|           1|          30|           1|          10|     0.0001|0000E   |        
R0301|10001214|510050C1809M03100  |50ETF购9月3100      |510050|50ETF   |EBS|E|C|      10000|     3.1000|20180125|20180926|20180926|20180927|20180926|0|        4852|     0.0889|     0.0889|     2.7810|N|     0.3351|     0.0001|         2835.70| 12.00|  7.00|           1|           1|          30|           1|          10|     0.0001|0000E   |        
R0301|10001215|510050C1809M03200  |50ETF购9月3200      |510050|50ETF   |EBS|E|C|      10000|     3.2000|20180125|20180926|20180926|20180927|20180926|0|        5093|     0.0716|     0.0716|     2.7810|N|     0.3078|     0.0001|         2662.70| 12.00|  7.00|           1|           1|          30|           1|          10|     0.0001|0000E   |        
R0301|10001216|510050C1809M03300  |50ETF购9月3300      |510050|50ETF   |EBS|E|C|      10000|     3.3000|20180125|20180926|20180926|20180927|20180926|0|        3596|     0.0600|     0.0600|     2.7810|N|     0.2862|     0.0001|         2546.70| 12.00|  7.00|           1|           1|          30|           1|          10|     0.0001|0000E   |        
R0301|10001217|510050C1809M03400  |50ETF购9月3400      |510050|50ETF   |EBS|E|C|      10000|     3.4000|20180125|20180926|20180926|20180927|20180926|0|        3436|     0.0501|     0.0501|     2.7810|N|     0.2663|     0.0001|         2447.70| 12.00|  7.00|           1|           1|          30|           1|          10|     0.0001|0000E   |        
R0301|10001218|510050C1809M03500  |50ETF购9月3500      |510050|50ETF   |EBS|E|C|      10000|     3.5000|20180125|20180926|20180926|20180927|20180926|0|        4758|     0.0427|     0.0427|     2.7810|N|     0.2489|     0.0001|         2373.70| 12.00|  7.00|           1|           1|          30|           1|          10|     0.0001|0000E   |        
R0301|10001219|510050C1809M03600  |50ETF购9月3600      |510050|50ETF   |EBS|E|C|      10000|     3.6000|20180125|20180926|20180926|20180927|20180926|0|       18338|     0.0370|     0.0370|     2.7810|N|     0.2332|     0.0001|         2316.70| 12.00|  7.00|           1|           1|          30|           1|          10|     0.0001|0000E   |        
R0301|10001220|510050P1809M02900  |50ETF沽9月2900      |510050|50ETF   |EBS|E|P|      10000|     2.9000|20180125|20180926|20180926|20180927|20180926|0|        4486|     0.2772|     0.2772|     2.7810|N|     0.5553|     0.0001|         6109.20| 12.00|  7.00|           1|           1|          30|           1|          10|     0.0001|0000E   |        
R0301|10001221|510050P1809M02950  |50ETF沽9月2950      |510050|50ETF   |EBS|E|P|      10000|     2.9500|20180125|20180926|20180926|20180927|20180926|0|        2967|     0.3112|     0.3112|     2.7810|N|     0.5893|     0.0331|         6449.20| 12.00|  7.00|           1|           1|          30|           1|          10|     0.0001|0000E   |        
R0301|10001222|510050P1809M03000  |50ETF沽9月3000      |510050|50ETF   |EBS|E|P|      10000|     3.0000|20180125|20180926|20180926|20180927|20180926|0|        2426|     0.3466|     0.3466|     2.7810|N|     0.6247|     0.0685|         6803.20| 12.00|  7.00|           1|           1|          30|           1|          10|     0.0001|0000E   |        
R0301|10001223|510050P1809M03100  |50ETF沽9月3100      |510050|50ETF   |EBS|E|P|      10000|     3.1000|20180125|20180926|20180926|20180927|20180926|0|        3378|     0.4211|     0.4211|     2.7810|N|     0.6992|     0.1430|         7548.20| 12.00|  7.00|           1|           1|          30|           1|          10|     0.0001|0000E   |        
R0301|10001224|510050P1809M03200  |50ETF沽9月3200      |510050|50ETF   |EBS|E|P|      10000|     3.2000|20180125|20180926|20180926|20180927|20180926|0|        1528|     0.5041|     0.5041|     2.7810|N|     0.7822|     0.2260|         8378.20| 12.00|  7.00|           1|           1|          30|           1|          10|     0.0001|0000E   |        
R0301|10001225|510050P1809M03300  |50ETF沽9月3300      |510050|50ETF   |EBS|E|P|      10000|     3.3000|20180125|20180926|20180926|20180927|20180926|0|        1756|     0.5895|     0.5895|     2.7810|N|     0.8676|     0.3114|         9232.20| 12.00|  7.00|           1|           1|          30|           1|          10|     0.0001|0000E   |        
R0301|10001226|510050P1809M03400  |50ETF沽9月3400      |510050|50ETF   |EBS|E|P|      10000|     3.4000|20180125|20180926|20180926|20180927|20180926|0|        2187|     0.6766|     0.6766|     2.7810|N|     0.9547|     0.3985|        10103.20| 12.00|  7.00|           1|           1|          30|           1|          10|     0.0001|0000E   |        
R0301|10001227|510050P1809M03500  |50ETF沽9月3500      |510050|50ETF   |EBS|E|P|      10000|     3.5000|20180125|20180926|20180926|20180927|20180926|0|        1667|     0.7681|     0.7681|     2.7810|N|     1.0462|     0.4900|        11018.20| 12.00|  7.00|           1|           1|          30|           1|          10|     0.0001|0000E   |        
R0301|10001228|510050P1809M03600  |50ETF沽9月3600      |510050|50ETF   |EBS|E|P|      10000|     3.6000|20180125|20180926|20180926|20180927|20180926|0|        1402|     0.8611|     0.8611|     2.7810|N|     1.1392|     0.5830|        11948.20| 12.00|  7.00|           1|           1|          30|           1|          10|     0.0001|0000E   |        
R0301|10001229|510050C1809M02850  |50ETF购9月2850      |510050|50ETF   |EBS|E|C|      10000|     2.8500|20180130|20180926|20180926|20180927|20180926|0|        4343|     0.1563|     0.1563|     2.7810|N|     0.4275|     0.0001|         4210.20| 12.00|  7.00|           1|           1|          30|           1|          10|     0.0001|0000E   |        
R0301|10001230|510050P1809M02850  |50ETF沽9月2850      |510050|50ETF   |EBS|E|P|      10000|     2.8500|20180130|20180926|20180926|20180927|20180926|0|        3975|     0.2456|     0.2456|     2.7810|N|     0.5237|     0.0001|         5793.20| 12.00|  7.00|           1|           1|          30|           1|          10|     0.0001|0000E   |        
R0301|10001231|510050C1809M02800  |50ETF购9月2800      |510050|50ETF   |EBS|E|C|      10000|     2.8000|20180208|20180926|20180926|20180927|20180926|0|        2340|     0.1762|     0.1762|     2.7810|N|     0.4524|     0.0001|         4909.20| 12.00|  7.00|           1|           1|          30|           1|          10|     0.0001|0000E   |        
R0301|10001232|510050P1809M02800  |50ETF沽9月2800      |510050|50ETF   |EBS|E|P|      10000|     2.8000|20180208|20180926|20180926|20180927|20180926|0|        2717|     0.2162|     0.2162|     2.7810|N|     0.4943|     0.0001|         5499.20| 12.00|  7.00|           1|           1|          30|           1|          10|     0.0001|0000E   |        
R0301|10001233|510050C1809M02750  |50ETF购9月2750      |510050|50ETF   |EBS|E|C|      10000|     2.7500|20180209|20180926|20180926|20180927|20180926|0|        1182|     0.1970|     0.1970|     2.7810|N|     0.4751|     0.0001|         5307.20| 12.00|  7.00|           1|           1|          30|           1|          10|     0.0001|0000E   |        
R0301|10001234|510050P1809M02750  |50ETF沽9月2750      |510050|50ETF   |EBS|E|P|      10000|     2.7500|20180209|20180926|20180926|20180927|20180926|0|        2395|     0.1890|     0.1890|     2.7810|N|     0.4609|     0.0001|         4917.20| 12.00|  7.00|           1|           1|          30|           1|          10|     0.0001|0000E   |        
R0301|10001237|510050C1803M02600  |50ETF购3月2600      |510050|50ETF   |EBS|E|C|      10000|     2.6000|20180212|20180328|20180328|20180329|20180328|1|        3134|     0.1547|     0.1810|     2.7810|N|     0.4591|     0.0001|         5147.20| 12.00|  7.00|           1|           1|          30|           1|          10|     0.0001|0010E   |        
R0301|10001238|510050P1803M02600  |50ETF沽3月2600      |510050|50ETF   |EBS|E|P|      10000|     2.6000|20180212|20180328|20180328|20180329|20180328|1|       33481|     0.0091|     0.0090|     2.7810|N|     0.2509|     0.0001|         1910.00| 12.00|  7.00|           1|           1|          30|           1|          10|     0.0001|0010E   |        
R0301|10001239|510050C1806M02600  |50ETF购6月2600      |510050|50ETF   |EBS|E|C|      10000|     2.6000|20180212|20180627|20180627|20180628|20180627|1|        4557|     0.2246|     0.2246|     2.7810|N|     0.5027|     0.0001|         5583.20| 12.00|  7.00|           1|           1|          30|           1|          10|     0.0001|0000E   |        
R0301|10001240|510050P1806M02600  |50ETF沽6月2600      |510050|50ETF   |EBS|E|P|      10000|     2.6000|20180212|20180627|20180627|20180628|20180627|1|       11724|     0.0812|     0.0812|     2.7810|N|     0.3231|     0.0001|         2632.00| 12.00|  7.00|           1|           1|          30|           1|          10|     0.0001|0000E   |        
R0301|10001241|510050C1809M02600  |50ETF购9月2600      |510050|50ETF   |EBS|E|C|      10000|     2.6000|20180212|20180926|20180926|20180927|20180926|0|        3342|     0.2800|     0.2800|     2.7810|N|     0.5581|     0.0019|         6137.20| 12.00|  7.00|           1|           1|          30|           1|          10|     0.0001|0000E   |        
R0301|10001242|510050C1809M02650  |50ETF购9月2650      |510050|50ETF   |EBS|E|C|      10000|     2.6500|20180212|20180926|20180926|20180927|20180926|0|        1143|     0.2488|     0.2488|     2.7810|N|     0.5269|     0.0001|         5825.20| 12.00|  7.00|           1|           1|          30|           1|          10|     0.0001|0000E   |        
R0301|10001243|510050C1809M02700  |50ETF购9月2700      |510050|50ETF   |EBS|E|C|      10000|     2.7000|20180212|20180926|20180926|20180927|20180926|0|         848|     0.2209|     0.2209|     2.7810|N|     0.4990|     0.0001|         5546.20| 12.00|  7.00|           1|           1|          30|           1|          10|     0.0001|0000E   |        
R0301|10001244|510050P1809M02600  |50ETF沽9月2600      |510050|50ETF   |EBS|E|P|      10000|     2.6000|20180212|20180926|20180926|20180927|20180926|0|        7040|     0.1249|     0.1249|     2.7810|N|     0.3668|     0.0001|         3069.00| 12.00|  7.00|           1|           1|          30|           1|          10|     0.0001|0000E   |        
R0301|10001245|510050P1809M02650  |50ETF沽9月2650      |510050|50ETF   |EBS|E|P|      10000|     2.6500|20180212|20180926|20180926|20180927|20180926|0|        2044|     0.1426|     0.1426|     2.7810|N|     0.3945|     0.0001|         3453.20| 12.00|  7.00|           1|           1|          30|           1|          10|     0.0001|0000E   |        
R0301|10001246|510050P1809M02700  |50ETF沽9月2700      |510050|50ETF   |EBS|E|P|      10000|     2.7000|20180212|20180926|20180926|20180927|20180926|0|        2976|     0.1642|     0.1642|     2.7810|N|     0.4261|     0.0001|         4169.20| 12.00|  7.00|           1|           1|          30|           1|          10|     0.0001|0000E   |        
R0301|10001247|510050C1804M02650  |50ETF购4月2650      |510050|50ETF   |EBS|E|C|      10000|     2.6500|20180301|20180425|20180425|20180426|20180425|0|       10442|     0.1505|     0.1505|     2.7810|N|     0.4286|     0.0001|         4842.20| 12.00|  7.00|           1|           1|          30|           1|          10|     0.0001|0000E   |        
R0301|10001248|510050C1804M02700  |50ETF购4月2700      |510050|50ETF   |EBS|E|C|      10000|     2.7000|20180301|20180425|20180425|20180426|20180425|0|        7026|     0.1150|     0.1150|     2.7810|N|     0.3931|     0.0001|         4487.20| 12.00|  7.00|           1|           1|          30|           1|          10|     0.0001|0000E   |        
R0301|10001249|510050C1804M02750  |50ETF购4月2750      |510050|50ETF   |EBS|E|C|      10000|     2.7500|20180301|20180425|20180425|20180426|20180425|0|       11563|     0.0859|     0.0859|     2.7810|N|     0.3640|     0.0001|         4196.20| 12.00|  7.00|           1|           1|          30|           1|          10|     0.0001|0000E   |        
R0301|10001250|510050C1804M02800  |50ETF购4月2800      |510050|50ETF   |EBS|E|C|      10000|     2.8000|20180301|20180425|20180425|20180426|20180425|0|       18574|     0.0620|     0.0620|     2.7810|N|     0.3382|     0.0001|         3767.20| 12.00|  7.00|           1|           1|          30|           1|          10|     0.0001|0000E   |        
R0301|10001251|510050C1804M02850  |50ETF购4月2850      |510050|50ETF   |EBS|E|C|      10000|     2.8500|20180301|20180425|20180425|20180426|20180425|0|       33145|     0.0448|     0.0448|     2.7810|N|     0.3160|     0.0001|         3095.20| 12.00|  7.00|           1|           1|          30|           1|          10|     0.0001|0000E   |        
R0301|10001252|510050C1804M02900  |50ETF购4月2900      |510050|50ETF   |EBS|E|C|      10000|     2.9000|20180301|20180425|20180425|20180426|20180425|0|       41479|     0.0304|     0.0304|     2.7810|N|     0.2966|     0.0001|         2451.20| 12.00|  7.00|           1|           1|          30|           1|          10|     0.0001|0000E   |        
R0301|10001253|510050C1804M02950  |50ETF购4月2950      |510050|50ETF   |EBS|E|C|      10000|     2.9500|20180301|20180425|20180425|20180426|20180425|0|       23378|     0.0218|     0.0218|     2.7810|N|     0.2830|     0.0001|         2164.70| 12.00|  7.00|           1|           1|          30|           1|          10|     0.0001|0000E   |        
R0301|10001254|510050C1804M03000  |50ETF购4月3000      |510050|50ETF   |EBS|E|C|      10000|     3.0000|20180301|20180425|20180425|20180426|20180425|0|       28527|     0.0154|     0.0154|     2.7810|N|     0.2716|     0.0001|         2100.70| 12.00|  7.00|           1|           1|          30|           1|          10|     0.0001|0000E   |        
R0301|10001255|510050C1804M03100  |50ETF购4月3100      |510050|50ETF   |EBS|E|C|      10000|     3.1000|20180301|20180425|20180425|20180426|20180425|0|       47469|     0.0074|     0.0074|     2.7810|N|     0.2536|     0.0001|         2020.70| 12.00|  7.00|           1|           1|          30|           1|          10|     0.0001|0000E   |        
R0301|10001256|510050P1804M02650  |50ETF沽4月2650      |510050|50ETF   |EBS|E|P|      10000|     2.6500|20180301|20180425|20180425|20180426|20180425|0|       32576|     0.0650|     0.0650|     2.7810|N|     0.3169|     0.0001|         2677.20| 12.00|  7.00|           1|           1|          30|           1|          10|     0.0001|0000E   |        
R0301|10001257|510050P1804M02700  |50ETF沽4月2700      |510050|50ETF   |EBS|E|P|      10000|     2.7000|20180301|20180425|20180425|20180426|20180425|0|       26294|     0.0777|     0.0777|     2.7810|N|     0.3396|     0.0001|         3304.20| 12.00|  7.00|           1|           1|          30|           1|          10|     0.0001|0000E   |        
R0301|10001258|510050P1804M02750  |50ETF沽4月2750      |510050|50ETF   |EBS|E|P|      10000|     2.7500|20180301|20180425|20180425|20180426|20180425|0|       28219|     0.1000|     0.1000|     2.7810|N|     0.3719|     0.0001|         4027.20| 12.00|  7.00|           1|           1|          30|           1|          10|     0.0001|0000E   |        
R0301|10001259|510050P1804M02800  |50ETF沽4月2800      |510050|50ETF   |EBS|E|P|      10000|     2.8000|20180301|20180425|20180425|20180426|20180425|0|       19998|     0.1260|     0.1260|     2.7810|N|     0.4041|     0.0001|         4597.20| 12.00|  7.00|           1|           1|          30|           1|          10|     0.0001|0000E   |        
R0301|10001260|510050P1804M02850  |50ETF沽4月2850      |510050|50ETF   |EBS|E|P|      10000|     2.8500|20180301|20180425|20180425|20180426|20180425|0|       19966|     0.1699|     0.1699|     2.7810|N|     0.4480|     0.0001|         5036.20| 12.00|  7.00|           1|           1|          30|           1|          10|     0.0001|0000E   |        
R0301|10001261|510050P1804M02900  |50ETF沽4月2900      |510050|50ETF   |EBS|E|P|      10000|     2.9000|20180301|20180425|20180425|20180426|20180425|0|       22051|     0.1911|     0.1911|     2.7810|N|     0.4692|     0.0001|         5248.20| 12.00|  7.00|           1|           1|          30|           1|          10|     0.0001|0000E   |        
R0301|10001262|510050P1804M02950  |50ETF沽4月2950      |510050|50ETF   |EBS|E|P|      10000|     2.9500|20180301|20180425|20180425|20180426|20180425|0|       10216|     0.2322|     0.2322|     2.7810|N|     0.5103|     0.0001|         5659.20| 12.00|  7.00|           1|           1|          30|           1|          10|     0.0001|0000E   |        
R0301|10001263|510050P1804M03000  |50ETF沽4月3000      |510050|50ETF   |EBS|E|P|      10000|     3.0000|20180301|20180425|20180425|20180426|20180425|0|        6083|     0.2727|     0.2727|     2.7810|N|     0.5508|     0.0001|         6064.20| 12.00|  7.00|           1|           1|          30|           1|          10|     0.0001|0000E   |        
R0301|10001264|510050P1804M03100  |50ETF沽4月3100      |510050|50ETF   |EBS|E|P|      10000|     3.1000|20180301|20180425|20180425|20180426|20180425|0|        6120|     0.3661|     0.3661|     2.7810|N|     0.6442|     0.0880|         6998.20| 12.00|  7.00|           1|           1|          30|           1|          10|     0.0001|0000E   |        
R0301|10001265|510050C1804M03200  |50ETF购4月3200      |510050|50ETF   |EBS|E|C|      10000|     3.2000|20180302|20180425|20180425|20180426|20180425|0|       20079|     0.0046|     0.0046|     2.7810|N|     0.2408|     0.0001|         1992.70| 12.00|  7.00|           1|           1|          30|           1|          10|     0.0001|0000E   |        
R0301|10001266|510050P1804M03200  |50ETF沽4月3200      |510050|50ETF   |EBS|E|P|      10000|     3.2000|20180302|20180425|20180425|20180426|20180425|0|        5228|     0.4612|     0.4612|     2.7810|N|     0.7393|     0.1831|         7949.20| 12.00|  7.00|           1|           1|          30|           1|          10|     0.0001|0000E   |        
R0301|10001267|510050C1804M02600  |50ETF购4月2600      |510050|50ETF   |EBS|E|C|      10000|     2.6000|20180326|20180425|20180425|20180426|20180425|0|           0|     0.1938|     0.1938|     2.7810|N|     0.4719|     0.0001|         5275.20| 12.00|  7.00|           1|           1|          30|           1|          10|     0.0001|0000A   |        
R0301|10001268|510050P1804M02600  |50ETF沽4月2600      |510050|50ETF   |EBS|E|P|      10000|     2.6000|20180326|20180425|20180425|20180426|20180425|0|           0|     0.0492|     0.0492|     2.7810|N|     0.2911|     0.0001|         2312.00| 12.00|  7.00|           1|           1|          30|           1|          10|     0.0001|0000A   |        
