R0301|10000969|510050C1803A02600  |50ETF购3月2553A     |510050|50ETF   |EBS|E|C|      10185|     2.5530|20170727|20180328|20180328|20180329|20180328|0|        2043|     0.4925|     0.4925|     3.0180|N|     0.7943|     0.1907|         8704.71| 12.00|  7.00|           1|           1|          30|           1|          10|     0.0001|0000E   |
R0301|10000970|510050C1803A02650  |50ETF购3月2602A     |510050|50ETF   |EBS|E|C|      10185|     2.6020|20170727|20180328|20180328|20180329|20180328|0|        1957|     0.4441|     0.4454|     3.0180|N|     0.7472|     0.1436|         8225.00| 12.00|  7.00|           1|           1|          30|           1|          10|     0.0001|0000E   |
R0301|10000971|510050C1803A02700  |50ETF购3月2651A     |510050|50ETF   |EBS|E|C|      10185|     2.6510|20170727|20180328|20180328|20180329|20180328|0|        3440|     0.3969|     0.3969|     3.0180|N|     0.6987|     0.0951|         7731.03| 12.00|  7.00|           1|           1|          30|           1|          10|     0.0001|0000E   |
R0301|10000972|510050C1803A02750  |50ETF购3月2700A     |510050|50ETF   |EBS|E|C|      10185|     2.7000|20170727|20180328|20180328|20180329|20180328|0|        5235|     0.3500|     0.3500|     3.0180|N|     0.6518|     0.0482|         7253.35| 12.00|  7.00|           1|           1|          30|           1|          10|     0.0001|0000E   |
R0301|10000973|510050C1803A02800  |50ETF购3月2749A     |510050|50ETF   |EBS|E|C|      10185|     2.7490|20170727|20180328|20180328|20180329|20180328|0|        6263|     0.3030|     0.3031|     3.0180|N|     0.6049|     0.0013|         6775.67| 12.00|  7.00|           1|           1|          30|           1|          10|     0.0001|0000E   |
R0301|10000974|510050P1803A02600  |50ETF沽3月2553A     |510050|50ETF   |EBS|E|P|      10185|     2.5530|20170727|20180328|20180328|20180329|20180328|0|       11490|     0.0022|     0.0022|     3.0180|N|     0.2110|     0.0001|         1842.57| 12.00|  7.00|           1|           1|          30|           1|          10|     0.0001|0000E   |
R0301|10000975|510050P1803A02650  |50ETF沽3月2602A     |510050|50ETF   |EBS|E|P|      10185|     2.6020|20170727|20180328|20180328|20180329|20180328|0|       12059|     0.0026|     0.0026|     3.0180|N|     0.2212|     0.0001|         1881.58| 12.00|  7.00|           1|           1|          30|           1|          10|     0.0001|0000E   |
R0301|10000976|510050P1803A02700  |50ETF沽3月2651A     |510050|50ETF   |EBS|E|P|      10185|     2.6510|20170727|20180328|20180328|20180329|20180328|0|       13097|     0.0035|     0.0035|     3.0180|N|     0.2319|     0.0001|         1925.68| 12.00|  7.00|           1|           1|          30|           1|          10|     0.0001|0000E   |
R0301|10000977|510050P1803A02750  |50ETF沽3月2700A     |510050|50ETF   |EBS|E|P|      10185|     2.7000|20170727|20180328|20180328|20180329|20180328|0|       12947|     0.0048|     0.0048|     3.0180|N|     0.2430|     0.0001|         1973.85| 12.00|  7.00|           1|           1|          30|           1|          10|     0.0001|0000E   |
R0301|10000978|510050P1803A02800  |50ETF沽3月2749A     |510050|50ETF   |EBS|E|P|      10185|     2.7490|20170727|20180328|20180328|20180329|20180328|0|       11720|     0.0067|     0.0067|     3.0180|N|     0.2547|     0.0001|         2028.14| 12.00|  7.00|           1|           1|          30|           1|          10|     0.0001|0000E   |
R0301|10000985|510050C1803A02850  |50ETF购3月2798A     |510050|50ETF   |EBS|E|C|      10185|     2.7980|20170803|20180328|20180328|20180329|20180328|0|        6776|     0.2586|     0.2586|     3.0180|N|     0.5604|     0.0001|         6322.44| 12.00|  7.00|           1|           1|          30|           1|          10|     0.0001|0000E   |
R0301|10000986|510050P1803A02850  |50ETF沽3月2798A     |510050|50ETF   |EBS|E|P|      10185|     2.7980|20170803|20180328|20180328|20180329|20180328|0|        8345|     0.0102|     0.0102|     3.0180|N|     0.2680|     0.0001|         2098.72| 12.00|  7.00|           1|           1|          30|           1|          10|     0.0001|0000E   |
R0301|10000987|510050C1803A02550  |50ETF购3月2504A     |510050|50ETF   |EBS|E|C|      10185|     2.5040|20170807|20180328|20180328|20180329|20180328|0|        1663|     0.5416|     0.5423|     3.0180|N|     0.8441|     0.2405|         9211.93| 12.00|  7.00|           1|           1|          30|           1|          10|     0.0001|0000E   |
R0301|10000988|510050P1803A02550  |50ETF沽3月2504A     |510050|50ETF   |EBS|E|P|      10185|     2.5040|20170807|20180328|20180328|20180329|20180328|0|       14364|     0.0019|     0.0019|     3.0180|N|     0.2009|     0.0001|         1804.58| 12.00|  7.00|           1|           1|          30|           1|          10|     0.0001|0000E   |
R0301|10000989|510050C1803A02500  |50ETF购3月2455A     |510050|50ETF   |EBS|E|C|      10185|     2.4550|20170814|20180328|20180328|20180329|20180328|0|        9022|     0.5908|     0.5908|     3.0180|N|     0.8926|     0.2890|         9705.90| 12.00|  7.00|           1|           1|          30|           1|          10|     0.0001|0000E   |
R0301|10000990|510050P1803A02500  |50ETF沽3月2455A     |510050|50ETF   |EBS|E|P|      10185|     2.4550|20170814|20180328|20180328|20180329|20180328|0|       21885|     0.0017|     0.0017|     3.0180|N|     0.1909|     0.0001|         1767.61| 12.00|  7.00|           1|           1|          30|           1|          10|     0.0001|0000E   |
R0301|10001009|510050C1803A02900  |50ETF购3月2847A     |510050|50ETF   |EBS|E|C|      10185|     2.8470|20170829|20180328|20180328|20180329|20180328|0|        8946|     0.2153|     0.2153|     3.0180|N|     0.5171|     0.0001|         5881.43| 12.00|  7.00|           1|           1|          30|           1|          10|     0.0001|0000E   |
R0301|10001010|510050P1803A02900  |50ETF沽3月2847A     |510050|50ETF   |EBS|E|P|      10185|     2.8470|20170829|20180328|20180328|20180329|20180328|0|        7680|     0.0157|     0.0155|     3.0180|N|     0.2831|     0.0001|         2187.64| 12.00|  7.00|           1|           1|          30|           1|          10|     0.0001|0000E   |
R0301|10001025|510050C1806A02700  |50ETF购6月2651A     |510050|50ETF   |EBS|E|C|      10185|     2.6510|20171026|20180627|20180627|20180628|20180627|0|        4113|     0.4352|     0.4352|     3.0180|N|     0.7370|     0.1334|         8121.11| 12.00|  7.00|           1|           1|          30|           1|          10|     0.0001|0000E   |
R0301|10001026|510050C1806A02750  |50ETF购6月2700A     |510050|50ETF   |EBS|E|C|      10185|     2.7000|20171026|20180627|20180627|20180628|20180627|0|        2191|     0.3866|     0.3922|     3.0180|N|     0.6940|     0.0904|         7683.16| 12.00|  7.00|           1|           1|          30|           1|          10|     0.0001|0000E   |
R0301|10001027|510050C1806A02800  |50ETF购6月2749A     |510050|50ETF   |EBS|E|C|      10185|     2.7490|20171026|20180627|20180627|20180628|20180627|0|        2137|     0.3487|     0.3487|     3.0180|N|     0.6505|     0.0469|         7240.11| 12.00|  7.00|           1|           1|          30|           1|          10|     0.0001|0000E   |
R0301|10001028|510050C1806A02850  |50ETF购6月2798A     |510050|50ETF   |EBS|E|C|      10185|     2.7980|20171026|20180627|20180627|20180628|20180627|0|        2503|     0.3073|     0.3073|     3.0180|N|     0.6091|     0.0055|         6818.45| 12.00|  7.00|           1|           1|          30|           1|          10|     0.0001|0000E   |
R0301|10001029|510050C1806A02900  |50ETF购6月2847A     |510050|50ETF   |EBS|E|C|      10185|     2.8470|20171026|20180627|20180627|20180628|20180627|0|        3922|     0.2677|     0.2673|     3.0180|N|     0.5691|     0.0001|         6411.05| 12.00|  7.00|           1|           1|          30|           1|          10|     0.0001|0000E   |
R0301|10001030|510050P1806A02700  |50ETF沽6月2651A     |510050|50ETF   |EBS|E|P|      10185|     2.6510|20171026|20180627|20180627|20180628|20180627|0|       16963|     0.0113|     0.0113|     3.0180|N|     0.2397|     0.0001|         2005.12| 12.00|  7.00|           1|           1|          30|           1|          10|     0.0001|0000E   |
R0301|10001031|510050P1806A02750  |50ETF沽6月2700A     |510050|50ETF   |EBS|E|P|      10185|     2.7000|20171026|20180627|20180627|20180628|20180627|0|       10729|     0.0143|     0.0143|     3.0180|N|     0.2525|     0.0001|         2070.61| 12.00|  7.00|           1|           1|          30|           1|          10|     0.0001|0000E   |
R0301|10001032|510050P1806A02800  |50ETF沽6月2749A     |510050|50ETF   |EBS|E|P|      10185|     2.7490|20171026|20180627|20180627|20180628|20180627|0|        3257|     0.0191|     0.0191|     3.0180|N|     0.2671|     0.0001|         2154.43| 12.00|  7.00|           1|           1|          30|           1|          10|     0.0001|0000E   |
R0301|10001033|510050P1806A02850  |50ETF沽6月2798A     |510050|50ETF   |EBS|E|P|      10185|     2.7980|20171026|20180627|20180627|20180628|20180627|0|        3875|     0.0258|     0.0258|     3.0180|N|     0.2836|     0.0001|         2257.61| 12.00|  7.00|           1|           1|          30|           1|          10|     0.0001|0000E   |
R0301|10001034|510050P1806A02900  |50ETF沽6月2847A     |510050|50ETF   |EBS|E|P|      10185|     2.8470|20171026|20180627|20180627|20180628|20180627|0|        4234|     0.0347|     0.0347|     3.0180|N|     0.3023|     0.0001|         2383.19| 12.00|  7.00|           1|           1|          30|           1|          10|     0.0001|0000E   |
R0301|10001039|510050C1803A02950  |50ETF购3月2896A     |510050|50ETF   |EBS|E|C|      10185|     2.8960|20171027|20180328|20180328|20180329|20180328|0|        6457|     0.1737|     0.1740|     3.0180|N|     0.4758|     0.0001|         5460.79| 12.00|  7.00|           1|           1|          30|           1|          10|     0.0001|0000E   |
R0301|10001040|510050P1803A02950  |50ETF沽3月2896A     |510050|50ETF   |EBS|E|P|      10185|     2.8960|20171027|20180328|20180328|20180329|20180328|0|        3542|     0.0243|     0.0239|     3.0180|N|     0.3013|     0.0001|         2689.45| 12.00|  7.00|           1|           1|          30|           1|          10|     0.0001|0000E   |
R0301|10001041|510050C1806A02950  |50ETF购6月2896A     |510050|50ETF   |EBS|E|C|      10185|     2.8960|20171027|20180627|20180627|20180628|20180627|0|        4639|     0.2296|     0.2296|     3.0180|N|     0.5314|     0.0001|         6027.08| 12.00|  7.00|           1|           1|          30|           1|          10|     0.0001|0000E   |
R0301|10001042|510050P1806A02950  |50ETF沽6月2896A     |510050|50ETF   |EBS|E|P|      10185|     2.8960|20171027|20180627|20180627|20180628|20180627|0|        2261|     0.0459|     0.0459|     3.0180|N|     0.3233|     0.0001|         2913.52| 12.00|  7.00|           1|           1|          30|           1|          10|     0.0001|0000E   |
R0301|10001047|510050C1803A03000  |50ETF购3月2946A     |510050|50ETF   |EBS|E|C|      10185|     2.9460|20171108|20180328|20180328|20180329|20180328|0|        7821|     0.1369|     0.1369|     3.0180|N|     0.4387|     0.0001|         5082.93| 12.00|  7.00|           1|           1|          30|           1|          10|     0.0001|0000E   |
R0301|10001048|510050P1803A03000  |50ETF沽3月2946A     |510050|50ETF   |EBS|E|P|      10185|     2.9460|20171108|20180328|20180328|20180329|20180328|0|        4191|     0.0365|     0.0365|     3.0180|N|     0.3239|     0.0001|         3327.03| 12.00|  7.00|           1|           1|          30|           1|          10|     0.0001|0000E   |
R0301|10001049|510050C1806A03000  |50ETF购6月2946A     |510050|50ETF   |EBS|E|C|      10185|     2.9460|20171108|20180627|20180627|20180628|20180627|0|        4860|     0.1967|     0.1967|     3.0180|N|     0.4985|     0.0001|         5691.99| 12.00|  7.00|           1|           1|          30|           1|          10|     0.0001|0000E   |
R0301|10001050|510050P1806A03000  |50ETF沽6月2946A     |510050|50ETF   |EBS|E|P|      10185|     2.9460|20171108|20180627|20180627|20180628|20180627|0|        2482|     0.0607|     0.0607|     3.0180|N|     0.3481|     0.0001|         3573.51| 12.00|  7.00|           1|           1|          30|           1|          10|     0.0001|0000E   |
R0301|10001055|510050C1803A03100  |50ETF购3月3044A     |510050|50ETF   |EBS|E|C|      10185|     3.0440|20171114|20180328|20180328|20180329|20180328|0|       11903|     0.0791|     0.0791|     3.0180|N|     0.3783|     0.0001|         4229.42| 12.00|  7.00|           1|           1|          30|           1|          10|     0.0001|0000E   |
R0301|10001056|510050P1803A03100  |50ETF沽3月3044A     |510050|50ETF   |EBS|E|P|      10185|     3.0440|20171114|20180328|20180328|20180329|20180328|0|        4651|     0.0754|     0.0754|     3.0180|N|     0.3772|     0.0001|         4456.55| 12.00|  7.00|           1|           1|          30|           1|          10|     0.0001|0000E   |
R0301|10001057|510050C1806A03100  |50ETF购6月3044A     |510050|50ETF   |EBS|E|C|      10185|     3.0440|20171114|20180627|20180627|20180628|20180627|0|       10080|     0.1393|     0.1393|     3.0180|N|     0.4385|     0.0001|         4842.56| 12.00|  7.00|           1|           1|          30|           1|          10|     0.0001|0000E   |
R0301|10001058|510050P1806A03100  |50ETF沽6月3044A     |510050|50ETF   |EBS|E|P|      10185|     3.0440|20171114|20180627|20180627|20180628|20180627|0|        9165|     0.1008|     0.1008|     3.0180|N|     0.4026|     0.0001|         4715.25| 12.00|  7.00|           1|           1|          30|           1|          10|     0.0001|0000E   |
R0301|10001063|510050C1803A03200  |50ETF购3月3142A     |510050|50ETF   |EBS|E|C|      10185|     3.1420|20171120|20180328|20180328|20180329|20180328|0|       22636|     0.0414|     0.0414|     3.0180|N|     0.3308|     0.0001|         2847.32| 12.00|  7.00|           1|           1|          30|           1|          10|     0.0001|0000E   |
R0301|10001064|510050P1803A03200  |50ETF沽3月3142A     |510050|50ETF   |EBS|E|P|      10185|     3.1420|20171120|20180328|20180328|20180329|20180328|0|        3050|     0.1365|     0.1365|     3.0180|N|     0.4383|     0.0001|         5078.85| 12.00|  7.00|           1|           1|          30|           1|          10|     0.0001|0000E   |
R0301|10001065|510050C1806A03200  |50ETF购6月3142A     |510050|50ETF   |EBS|E|C|      10185|     3.1420|20171120|20180627|20180627|20180628|20180627|0|       10249|     0.0974|     0.0973|     3.0180|N|     0.3867|     0.0001|         3416.66| 12.00|  7.00|           1|           1|          30|           1|          10|     0.0001|0000E   |
R0301|10001066|510050P1806A03200  |50ETF沽6月3142A     |510050|50ETF   |EBS|E|P|      10185|     3.1420|20171120|20180627|20180627|20180628|20180627|0|        4865|     0.1547|     0.1547|     3.0180|N|     0.4565|     0.0001|         5264.22| 12.00|  7.00|           1|           1|          30|           1|          10|     0.0001|0000E   |
R0301|10001069|510050C1803A03300  |50ETF购3月3240A     |510050|50ETF   |EBS|E|C|      10185|     3.2400|20171123|20180328|20180328|20180329|20180328|0|       29909|     0.0208|     0.0208|     3.0180|N|     0.3004|     0.0001|         2363.53| 12.00|  7.00|           1|           1|          30|           1|          10|     0.0001|0000E   |
R0301|10001070|510050P1803A03300  |50ETF沽3月3240A     |510050|50ETF   |EBS|E|P|      10185|     3.2400|20171123|20180328|20180328|20180329|20180328|0|        3406|     0.2134|     0.2220|     3.0180|N|     0.5238|     0.0001|         5949.67| 12.00|  7.00|           1|           1|          30|           1|          10|     0.0001|0000E   |
R0301|10001071|510050C1806A03300  |50ETF购6月3240A     |510050|50ETF   |EBS|E|C|      10185|     3.2400|20171123|20180627|20180627|20180628|20180627|0|       19190|     0.0674|     0.0674|     3.0180|N|     0.3470|     0.0001|         2838.15| 12.00|  7.00|           1|           1|          30|           1|          10|     0.0001|0000E   |
R0301|10001072|510050P1806A03300  |50ETF沽6月3240A     |510050|50ETF   |EBS|E|P|      10185|     3.2400|20171123|20180627|20180627|20180628|20180627|0|        4633|     0.2200|     0.2220|     3.0180|N|     0.5238|     0.0001|         5949.67| 12.00|  7.00|           1|           1|          30|           1|          10|     0.0001|0000E   |
R0301|10001073|510050C1801A02950  |50ETF购1月2896A     |510050|50ETF   |EBS|E|C|      10185|     2.8960|20171123|20180124|20180124|20180125|20180124|0|        7041|     0.1263|     0.1263|     3.0180|N|     0.4281|     0.0001|         4974.97| 12.00|  7.00|           1|           1|          30|           1|          10|     0.0001|0000E   |
R0301|10001074|510050C1801A03000  |50ETF购1月2946A     |510050|50ETF   |EBS|E|C|      10185|     2.9460|20171123|20180124|20180124|20180125|20180124|0|        9265|     0.0815|     0.0815|     3.0180|N|     0.3833|     0.0001|         4518.68| 12.00|  7.00|           1|           1|          30|           1|          10|     0.0001|0000E   |
R0301|10001075|510050C1801A03100  |50ETF购1月3044A     |510050|50ETF   |EBS|E|C|      10185|     3.0440|20171123|20180124|20180124|20180125|20180124|0|       67320|     0.0196|     0.0196|     3.0180|N|     0.3188|     0.0001|         3623.42| 12.00|  7.00|           1|           1|          30|           1|          10|     0.0001|0000E   |
R0301|10001076|510050C1801A03200  |50ETF购1月3142A     |510050|50ETF   |EBS|E|C|      10185|     3.1420|20171123|20180124|20180124|20180125|20180124|0|       40976|     0.0024|     0.0024|     3.0180|N|     0.2918|     0.0001|         2450.10| 12.00|  7.00|           1|           1|          30|           1|          10|     0.0001|0000E   |
R0301|10001077|510050C1801A03300  |50ETF购1月3240A     |510050|50ETF   |EBS|E|C|      10185|     3.2400|20171123|20180124|20180124|20180125|20180124|0|       29170|     0.0007|     0.0007|     3.0180|N|     0.2803|     0.0001|         2158.81| 12.00|  7.00|           1|           1|          30|           1|          10|     0.0001|0000E   |
R0301|10001078|510050P1801A02950  |50ETF沽1月2896A     |510050|50ETF   |EBS|E|P|      10185|     2.8960|20171123|20180124|20180124|20180125|20180124|0|       11793|     0.0031|     0.0030|     3.0180|N|     0.2804|     0.0001|         2476.58| 12.00|  7.00|           1|           1|          30|           1|          10|     0.0001|0000E   |
R0301|10001079|510050P1801A03000  |50ETF沽1月2946A     |510050|50ETF   |EBS|E|P|      10185|     2.9460|20171123|20180124|20180124|20180125|20180124|0|       12166|     0.0081|     0.0081|     3.0180|N|     0.2955|     0.0001|         3037.78| 12.00|  7.00|           1|           1|          30|           1|          10|     0.0001|0000E   |
R0301|10001080|510050P1801A03100  |50ETF沽1月3044A     |510050|50ETF   |EBS|E|P|      10185|     3.0440|20171123|20180124|20180124|20180125|20180124|0|       15872|     0.0432|     0.0432|     3.0180|N|     0.3450|     0.0001|         4128.59| 12.00|  7.00|           1|           1|          30|           1|          10|     0.0001|0000E   |
R0301|10001081|510050P1801A03200  |50ETF沽1月3142A     |510050|50ETF   |EBS|E|P|      10185|     3.1420|20171123|20180124|20180124|20180125|20180124|0|        7043|     0.1251|     0.1251|     3.0180|N|     0.4269|     0.0001|         4962.74| 12.00|  7.00|           1|           1|          30|           1|          10|     0.0001|0000E   |
R0301|10001082|510050P1801A03300  |50ETF沽1月3240A     |510050|50ETF   |EBS|E|P|      10185|     3.2400|20171123|20180124|20180124|20180125|20180124|0|        4481|     0.2205|     0.2220|     3.0180|N|     0.5238|     0.0001|         5949.67| 12.00|  7.00|           1|           1|          30|           1|          10|     0.0001|0000E   |
R0301|10001083|510050C1801A02900  |50ETF购1月2847A     |510050|50ETF   |EBS|E|C|      10185|     2.8470|20171124|20180124|20180124|20180125|20180124|0|        2273|     0.1733|     0.1733|     3.0180|N|     0.4751|     0.0001|         5453.66| 12.00|  7.00|           1|           1|          30|           1|          10|     0.0001|0000E   |
R0301|10001084|510050P1801A02900  |50ETF沽1月2847A     |510050|50ETF   |EBS|E|P|      10185|     2.8470|20171124|20180124|20180124|20180125|20180124|0|       10400|     0.0013|     0.0013|     3.0180|N|     0.2689|     0.0001|         2043.01| 12.00|  7.00|           1|           1|          30|           1|          10|     0.0001|0000E   |
R0301|10001095|510050C1801M02800  |50ETF购1月2800      |510050|50ETF   |EBS|E|C|      10000|     2.8000|20171128|20180124|20180124|20180125|20180124|1|       12617|     0.2189|     0.2189|     3.0180|N|     0.5207|     0.0001|         5810.60| 12.00|  7.00|           1|           1|          30|           1|          10|     0.0001|0000E   |
R0301|10001096|510050C1801M02850  |50ETF购1月2850      |510050|50ETF   |EBS|E|C|      10000|     2.8500|20171128|20180124|20180124|20180125|20180124|1|       25624|     0.1709|     0.1709|     3.0180|N|     0.4727|     0.0001|         5330.60| 12.00|  7.00|           1|           1|          30|           1|          10|     0.0001|0000E   |
R0301|10001097|510050C1801M02900  |50ETF购1月2900      |510050|50ETF   |EBS|E|C|      10000|     2.9000|20171128|20180124|20180124|20180125|20180124|1|       38860|     0.1235|     0.1235|     3.0180|N|     0.4253|     0.0001|         4856.60| 12.00|  7.00|           1|           1|          30|           1|          10|     0.0001|0000E   |
R0301|10001098|510050C1801M02950  |50ETF购1月2950      |510050|50ETF   |EBS|E|C|      10000|     2.9500|20171128|20180124|20180124|20180125|20180124|1|       43351|     0.0780|     0.0780|     3.0180|N|     0.3798|     0.0001|         4401.60| 12.00|  7.00|           1|           1|          30|           1|          10|     0.0001|0000E   |
R0301|10001099|510050C1801M03000  |50ETF购1月3000      |510050|50ETF   |EBS|E|C|      10000|     3.0000|20171128|20180124|20180124|20180125|20180124|1|       90334|     0.0407|     0.0407|     3.0180|N|     0.3425|     0.0001|         4028.60| 12.00|  7.00|           1|           1|          30|           1|          10|     0.0001|0000E   |
R0301|10001100|510050P1801M02800  |50ETF沽1月2800      |510050|50ETF   |EBS|E|P|      10000|     2.8000|20171128|20180124|20180124|20180125|20180124|1|       47981|     0.0005|     0.0005|     3.0180|N|     0.2587|     0.0001|         1965.00| 12.00|  7.00|           1|           1|          30|           1|          10|     0.0001|0000E   |
R0301|10001101|510050P1801M02850  |50ETF沽1月2850      |510050|50ETF   |EBS|E|P|      10000|     2.8500|20171128|20180124|20180124|20180125|20180124|1|       55238|     0.0013|     0.0013|     3.0180|N|     0.2695|     0.0001|         2008.00| 12.00|  7.00|           1|           1|          30|           1|          10|     0.0001|0000E   |
R0301|10001102|510050P1801M02900  |50ETF沽1月2900      |510050|50ETF   |EBS|E|P|      10000|     2.9000|20171128|20180124|20180124|20180125|20180124|1|      110697|     0.0036|     0.0036|     3.0180|N|     0.2818|     0.0001|         2477.60| 12.00|  7.00|           1|           1|          30|           1|          10|     0.0001|0000E   |
R0301|10001103|510050P1801M02950  |50ETF沽1月2950      |510050|50ETF   |EBS|E|P|      10000|     2.9500|20171128|20180124|20180124|20180125|20180124|1|       82087|     0.0089|     0.0089|     3.0180|N|     0.2971|     0.0001|         3030.60| 12.00|  7.00|           1|           1|          30|           1|          10|     0.0001|0000E   |
R0301|10001104|510050P1801M03000  |50ETF沽1月3000      |510050|50ETF   |EBS|E|P|      10000|     3.0000|20171128|20180124|20180124|20180125|20180124|1|       64755|     0.0212|     0.0212|     3.0180|N|     0.3194|     0.0001|         3653.60| 12.00|  7.00|           1|           1|          30|           1|          10|     0.0001|0000E   |
R0301|10001105|510050C1803M02800  |50ETF购3月2800      |510050|50ETF   |EBS|E|C|      10000|     2.8000|20171128|20180328|20180328|20180329|20180328|1|        2101|     0.2570|     0.2570|     3.0180|N|     0.5588|     0.0001|         6191.60| 12.00|  7.00|           1|           1|          30|           1|          10|     0.0001|0000E   |
R0301|10001106|510050C1803M02850  |50ETF购3月2850      |510050|50ETF   |EBS|E|C|      10000|     2.8500|20171128|20180328|20180328|20180329|20180328|1|        6239|     0.2128|     0.2128|     3.0180|N|     0.5146|     0.0001|         5749.60| 12.00|  7.00|           1|           1|          30|           1|          10|     0.0001|0000E   |
R0301|10001107|510050C1803M02900  |50ETF购3月2900      |510050|50ETF   |EBS|E|C|      10000|     2.9000|20171128|20180328|20180328|20180329|20180328|1|        9163|     0.1727|     0.1727|     3.0180|N|     0.4745|     0.0001|         5348.60| 12.00|  7.00|           1|           1|          30|           1|          10|     0.0001|0000E   |
R0301|10001108|510050C1803M02950  |50ETF购3月2950      |510050|50ETF   |EBS|E|C|      10000|     2.9500|20171128|20180328|20180328|20180329|20180328|1|        9933|     0.1340|     0.1340|     3.0180|N|     0.4358|     0.0001|         4961.60| 12.00|  7.00|           1|           1|          30|           1|          10|     0.0001|0000E   |
R0301|10001109|510050C1803M03000  |50ETF购3月3000      |510050|50ETF   |EBS|E|C|      10000|     3.0000|20171128|20180328|20180328|20180329|20180328|1|       11147|     0.1032|     0.1032|     3.0180|N|     0.4050|     0.0001|         4653.60| 12.00|  7.00|           1|           1|          30|           1|          10|     0.0001|0000E   |
R0301|10001110|510050P1803M02800  |50ETF沽3月2800      |510050|50ETF   |EBS|E|P|      10000|     2.8000|20171128|20180328|20180328|20180329|20180328|1|       12282|     0.0102|     0.0102|     3.0180|N|     0.2684|     0.0001|         2062.00| 12.00|  7.00|           1|           1|          30|           1|          10|     0.0001|0000E   |
R0301|10001111|510050P1803M02850  |50ETF沽3月2850      |510050|50ETF   |EBS|E|P|      10000|     2.8500|20171128|20180328|20180328|20180329|20180328|1|        9843|     0.0154|     0.0155|     3.0180|N|     0.2837|     0.0001|         2150.00| 12.00|  7.00|           1|           1|          30|           1|          10|     0.0001|0000E   |
R0301|10001112|510050P1803M02900  |50ETF沽3月2900      |510050|50ETF   |EBS|E|P|      10000|     2.9000|20171128|20180328|20180328|20180329|20180328|1|       11851|     0.0246|     0.0246|     3.0180|N|     0.3028|     0.0001|         2687.60| 12.00|  7.00|           1|           1|          30|           1|          10|     0.0001|0000E   |
R0301|10001113|510050P1803M02950  |50ETF沽3月2950      |510050|50ETF   |EBS|E|P|      10000|     2.9500|20171128|20180328|20180328|20180329|20180328|1|        7040|     0.0376|     0.0378|     3.0180|N|     0.3260|     0.0001|         3319.60| 12.00|  7.00|           1|           1|          30|           1|          10|     0.0001|0000E   |
R0301|10001114|510050P1803M03000  |50ETF沽3月3000      |510050|50ETF   |EBS|E|P|      10000|     3.0000|20171128|20180328|20180328|20180329|20180328|1|        9278|     0.0547|     0.0547|     3.0180|N|     0.3529|     0.0001|         3988.60| 12.00|  7.00|           1|           1|          30|           1|          10|     0.0001|0000E   |
R0301|10001115|510050C1806M02800  |50ETF购6月2800      |510050|50ETF   |EBS|E|C|      10000|     2.8000|20171128|20180627|20180627|20180628|20180627|1|        1749|     0.3052|     0.3050|     3.0180|N|     0.6068|     0.0032|         6671.60| 12.00|  7.00|           1|           1|          30|           1|          10|     0.0001|0000E   |
R0301|10001116|510050C1806M02850  |50ETF购6月2850      |510050|50ETF   |EBS|E|C|      10000|     2.8500|20171128|20180627|20180627|20180628|20180627|1|        3432|     0.2651|     0.2651|     3.0180|N|     0.5669|     0.0001|         6272.60| 12.00|  7.00|           1|           1|          30|           1|          10|     0.0001|0000E   |
R0301|10001117|510050C1806M02900  |50ETF购6月2900      |510050|50ETF   |EBS|E|C|      10000|     2.9000|20171128|20180627|20180627|20180628|20180627|1|        3863|     0.2274|     0.2274|     3.0180|N|     0.5292|     0.0001|         5895.60| 12.00|  7.00|           1|           1|          30|           1|          10|     0.0001|0000E   |
R0301|10001118|510050C1806M02950  |50ETF购6月2950      |510050|50ETF   |EBS|E|C|      10000|     2.9500|20171128|20180627|20180627|20180628|20180627|1|        5933|     0.1930|     0.1930|     3.0180|N|     0.4948|     0.0001|         5551.60| 12.00|  7.00|           1|           1|          30|           1|          10|     0.0001|0000E   |
R0301|10001119|510050C1806M03000  |50ETF购6月3000      |510050|50ETF   |EBS|E|C|      10000|     3.0000|20171128|20180627|20180627|20180628|20180627|1|        7654|     0.1637|     0.1637|     3.0180|N|     0.4655|     0.0001|         5258.60| 12.00|  7.00|           1|           1|          30|           1|          10|     0.0001|0000E   |
R0301|10001120|510050P1806M02800  |50ETF沽6月2800      |510050|50ETF   |EBS|E|P|      10000|     2.8000|20171128|20180627|20180627|20180628|20180627|1|        5162|     0.0259|     0.0259|     3.0180|N|     0.2841|     0.0001|         2219.00| 12.00|  7.00|           1|           1|          30|           1|          10|     0.0001|0000E   |
R0301|10001121|510050P1806M02850  |50ETF沽6月2850      |510050|50ETF   |EBS|E|P|      10000|     2.8500|20171128|20180627|20180627|20180628|20180627|1|        4391|     0.0350|     0.0350|     3.0180|N|     0.3032|     0.0001|         2345.00| 12.00|  7.00|           1|           1|          30|           1|          10|     0.0001|0000E   |
R0301|10001122|510050P1806M02900  |50ETF沽6月2900      |510050|50ETF   |EBS|E|P|      10000|     2.9000|20171128|20180627|20180627|20180628|20180627|1|        7955|     0.0466|     0.0466|     3.0180|N|     0.3248|     0.0001|         2907.60| 12.00|  7.00|           1|           1|          30|           1|          10|     0.0001|0000E   |
R0301|10001123|510050P1806M02950  |50ETF沽6月2950      |510050|50ETF   |EBS|E|P|      10000|     2.9500|20171128|20180627|20180627|20180628|20180627|1|        6106|     0.0621|     0.0621|     3.0180|N|     0.3503|     0.0001|         3562.60| 12.00|  7.00|           1|           1|          30|           1|          10|     0.0001|0000E   |
R0301|10001124|510050P1806M03000  |50ETF沽6月3000      |510050|50ETF   |EBS|E|P|      10000|     3.0000|20171128|20180627|20180627|20180628|20180627|1|        9503|     0.0817|     0.0817|     3.0180|N|     0.3799|     0.0001|         4258.60| 12.00|  7.00|           1|           1|          30|           1|          10|     0.0001|0000E   |
R0301|10001127|510050C1801M02750  |50ETF购1月2750      |510050|50ETF   |EBS|E|C|      10000|     2.7500|20171201|20180124|20180124|20180125|20180124|1|        8471|     0.2724|     0.2724|     3.0180|N|     0.5742|     0.0001|         6345.60| 12.00|  7.00|           1|           1|          30|           1|          10|     0.0001|0000E   |
R0301|10001128|510050P1801M02750  |50ETF沽1月2750      |510050|50ETF   |EBS|E|P|      10000|     2.7500|20171201|20180124|20180124|20180125|20180124|1|       47954|     0.0005|     0.0005|     3.0180|N|     0.2487|     0.0001|         1930.00| 12.00|  7.00|           1|           1|          30|           1|          10|     0.0001|0000E   |
R0301|10001129|510050C1803M02750  |50ETF购3月2750      |510050|50ETF   |EBS|E|C|      10000|     2.7500|20171201|20180328|20180328|20180329|20180328|1|        4561|     0.3018|     0.3031|     3.0180|N|     0.6049|     0.0013|         6652.60| 12.00|  7.00|           1|           1|          30|           1|          10|     0.0001|0000E   |
R0301|10001130|510050P1803M02750  |50ETF沽3月2750      |510050|50ETF   |EBS|E|P|      10000|     2.7500|20171201|20180328|20180328|20180329|20180328|1|        8258|     0.0067|     0.0067|     3.0180|N|     0.2549|     0.0001|         1992.00| 12.00|  7.00|           1|           1|          30|           1|          10|     0.0001|0000E   |
R0301|10001131|510050C1806M02750  |50ETF购6月2750      |510050|50ETF   |EBS|E|C|      10000|     2.7500|20171201|20180627|20180627|20180628|20180627|1|         974|     0.3468|     0.3468|     3.0180|N|     0.6486|     0.0450|         7089.60| 12.00|  7.00|           1|           1|          30|           1|          10|     0.0001|0000E   |
R0301|10001132|510050P1806M02750  |50ETF沽6月2750      |510050|50ETF   |EBS|E|P|      10000|     2.7500|20171201|20180627|20180627|20180628|20180627|1|        3959|     0.0193|     0.0193|     3.0180|N|     0.2675|     0.0001|         2118.00| 12.00|  7.00|           1|           1|          30|           1|          10|     0.0001|0000E   |
R0301|10001135|510050C1801M02700  |50ETF购1月2700      |510050|50ETF   |EBS|E|C|      10000|     2.7000|20171218|20180124|20180124|20180125|20180124|1|        3880|     0.3191|     0.3191|     3.0180|N|     0.6209|     0.0173|         6812.60| 12.00|  7.00|           1|           1|          30|           1|          10|     0.0001|0000E   |
R0301|10001136|510050P1801M02700  |50ETF沽1月2700      |510050|50ETF   |EBS|E|P|      10000|     2.7000|20171218|20180124|20180124|20180125|20180124|1|       22178|     0.0004|     0.0004|     3.0180|N|     0.2386|     0.0001|         1894.00| 12.00|  7.00|           1|           1|          30|           1|          10|     0.0001|0000E   |
R0301|10001137|510050C1803M02700  |50ETF购3月2700      |510050|50ETF   |EBS|E|C|      10000|     2.7000|20171218|20180328|20180328|20180329|20180328|1|        1058|     0.3493|     0.3500|     3.0180|N|     0.6518|     0.0482|         7121.60| 12.00|  7.00|           1|           1|          30|           1|          10|     0.0001|0000E   |
R0301|10001138|510050P1803M02700  |50ETF沽3月2700      |510050|50ETF   |EBS|E|P|      10000|     2.7000|20171218|20180328|20180328|20180329|20180328|1|        4575|     0.0046|     0.0048|     3.0180|N|     0.2430|     0.0001|         1938.00| 12.00|  7.00|           1|           1|          30|           1|          10|     0.0001|0000E   |
R0301|10001139|510050C1806M02700  |50ETF购6月2700      |510050|50ETF   |EBS|E|C|      10000|     2.7000|20171218|20180627|20180627|20180628|20180627|1|         419|     0.3873|     0.3922|     3.0180|N|     0.6940|     0.0904|         7543.60| 12.00|  7.00|           1|           1|          30|           1|          10|     0.0001|0000E   |
R0301|10001140|510050P1806M02700  |50ETF沽6月2700      |510050|50ETF   |EBS|E|P|      10000|     2.7000|20171218|20180627|20180627|20180628|20180627|1|        1505|     0.0142|     0.0143|     3.0180|N|     0.2525|     0.0001|         2033.00| 12.00|  7.00|           1|           1|          30|           1|          10|     0.0001|0000E   |
R0301|10001141|510050C1802M02750  |50ETF购2月2750      |510050|50ETF   |EBS|E|C|      10000|     2.7500|20171228|20180228|20180228|20180301|20180228|0|        1955|     0.2835|     0.2835|     3.0180|N|     0.5853|     0.0001|         6456.60| 12.00|  7.00|           1|           1|          30|           1|          10|     0.0001|0000E   |
R0301|10001142|510050C1802M02800  |50ETF购2月2800      |510050|50ETF   |EBS|E|C|      10000|     2.8000|20171228|20180228|20180228|20180301|20180228|0|        2020|     0.2355|     0.2357|     3.0180|N|     0.5375|     0.0001|         5978.60| 12.00|  7.00|           1|           1|          30|           1|          10|     0.0001|0000E   |
R0301|10001143|510050C1802M02850  |50ETF购2月2850      |510050|50ETF   |EBS|E|C|      10000|     2.8500|20171228|20180228|20180228|20180301|20180228|0|        3794|     0.1890|     0.1890|     3.0180|N|     0.4908|     0.0001|         5511.60| 12.00|  7.00|           1|           1|          30|           1|          10|     0.0001|0000E   |
R0301|10001144|510050C1802M02900  |50ETF购2月2900      |510050|50ETF   |EBS|E|C|      10000|     2.9000|20171228|20180228|20180228|20180301|20180228|0|        5916|     0.1459|     0.1459|     3.0180|N|     0.4477|     0.0001|         5080.60| 12.00|  7.00|           1|           1|          30|           1|          10|     0.0001|0000E   |
R0301|10001145|510050C1802M02950  |50ETF购2月2950      |510050|50ETF   |EBS|E|C|      10000|     2.9500|20171228|20180228|20180228|20180301|20180228|0|        7790|     0.1080|     0.1080|     3.0180|N|     0.4098|     0.0001|         4701.60| 12.00|  7.00|           1|           1|          30|           1|          10|     0.0001|0000E   |
R0301|10001146|510050P1802M02750  |50ETF沽2月2750      |510050|50ETF   |EBS|E|P|      10000|     2.7500|20171228|20180228|20180228|20180301|20180228|0|       11385|     0.0026|     0.0026|     3.0180|N|     0.2508|     0.0001|         1951.00| 12.00|  7.00|           1|           1|          30|           1|          10|     0.0001|0000E   |
R0301|10001147|510050P1802M02800  |50ETF沽2月2800      |510050|50ETF   |EBS|E|P|      10000|     2.8000|20171228|20180228|20180228|20180301|20180228|0|       15564|     0.0046|     0.0046|     3.0180|N|     0.2628|     0.0001|         2006.00| 12.00|  7.00|           1|           1|          30|           1|          10|     0.0001|0000E   |
R0301|10001148|510050P1802M02850  |50ETF沽2月2850      |510050|50ETF   |EBS|E|P|      10000|     2.8500|20171228|20180228|20180228|20180301|20180228|0|       20794|     0.0075|     0.0075|     3.0180|N|     0.2757|     0.0001|         2070.00| 12.00|  7.00|           1|           1|          30|           1|          10|     0.0001|0000E   |
R0301|10001149|510050P1802M02900  |50ETF沽2月2900      |510050|50ETF   |EBS|E|P|      10000|     2.9000|20171228|20180228|20180228|20180301|20180228|0|       19141|     0.0137|     0.0137|     3.0180|N|     0.2919|     0.0001|         2578.60| 12.00|  7.00|           1|           1|          30|           1|          10|     0.0001|0000E   |
R0301|10001150|510050P1802M02950  |50ETF沽2月2950      |510050|50ETF   |EBS|E|P|      10000|     2.9500|20171228|20180228|20180228|20180301|20180228|0|       14373|     0.0244|     0.0244|     3.0180|N|     0.3126|     0.0001|         3185.60| 12.00|  7.00|           1|           1|          30|           1|          10|     0.0001|0000E   |
R0301|10001151|510050C1801M02650  |50ETF购1月2650      |510050|50ETF   |EBS|E|C|      10000|     2.6500|20180102|20180124|20180124|20180125|20180124|1|        1574|     0.3694|     0.3694|     3.0180|N|     0.6712|     0.0676|         7315.60| 12.00|  7.00|           1|           1|          30|           1|          10|     0.0001|0000E   |
R0301|10001152|510050C1801M03100  |50ETF购1月3100      |510050|50ETF   |EBS|E|C|      10000|     3.1000|20180102|20180124|20180124|20180125|20180124|1|       42643|     0.0058|     0.0058|     3.0180|N|     0.2994|     0.0001|         2859.60| 12.00|  7.00|           1|           1|          30|           1|          10|     0.0001|0000E   |
R0301|10001153|510050P1801M02650  |50ETF沽1月2650      |510050|50ETF   |EBS|E|P|      10000|     2.6500|20180102|20180124|20180124|20180125|20180124|1|        2999|     0.0003|     0.0003|     3.0180|N|     0.2285|     0.0001|         1858.00| 12.00|  7.00|           1|           1|          30|           1|          10|     0.0001|0000E   |
R0301|10001154|510050P1801M03100  |50ETF沽1月3100      |510050|50ETF   |EBS|E|P|      10000|     3.1000|20180102|20180124|20180124|20180125|20180124|1|        7907|     0.0865|     0.0865|     3.0180|N|     0.3883|     0.0001|         4486.60| 12.00|  7.00|           1|           1|          30|           1|          10|     0.0001|0000E   |
R0301|10001155|510050C1802M02650  |50ETF购2月2650      |510050|50ETF   |EBS|E|C|      10000|     2.6500|20180102|20180228|20180228|20180301|20180228|0|        1201|     0.3815|     0.3815|     3.0180|N|     0.6833|     0.0797|         7436.60| 12.00|  7.00|           1|           1|          30|           1|          10|     0.0001|0000E   |
R0301|10001156|510050C1802M02700  |50ETF购2月2700      |510050|50ETF   |EBS|E|C|      10000|     2.7000|20180102|20180228|20180228|20180301|20180228|0|        1004|     0.3322|     0.3322|     3.0180|N|     0.6340|     0.0304|         6943.60| 12.00|  7.00|           1|           1|          30|           1|          10|     0.0001|0000E   |
R0301|10001157|510050C1802M03000  |50ETF购2月3000      |510050|50ETF   |EBS|E|C|      10000|     3.0000|20180102|20180228|20180228|20180301|20180228|0|       16259|     0.0749|     0.0749|     3.0180|N|     0.3767|     0.0001|         4370.60| 12.00|  7.00|           1|           1|          30|           1|          10|     0.0001|0000E   |
R0301|10001158|510050C1802M03100  |50ETF购2月3100      |510050|50ETF   |EBS|E|C|      10000|     3.1000|20180102|20180228|20180228|20180301|20180228|0|       27631|     0.0311|     0.0311|     3.0180|N|     0.3247|     0.0001|         3112.60| 12.00|  7.00|           1|           1|          30|           1|          10|     0.0001|0000E   |
R0301|10001159|510050P1802M02650  |50ETF沽2月2650      |510050|50ETF   |EBS|E|P|      10000|     2.6500|20180102|20180228|20180228|20180301|20180228|0|        3324|     0.0014|     0.0014|     3.0180|N|     0.2296|     0.0001|         1869.00| 12.00|  7.00|           1|           1|          30|           1|          10|     0.0001|0000E   |
R0301|10001160|510050P1802M02700  |50ETF沽2月2700      |510050|50ETF   |EBS|E|P|      10000|     2.7000|20180102|20180228|20180228|20180301|20180228|0|        3973|     0.0017|     0.0017|     3.0180|N|     0.2399|     0.0001|         1907.00| 12.00|  7.00|           1|           1|          30|           1|          10|     0.0001|0000E   |
R0301|10001161|510050P1802M03000  |50ETF沽2月3000      |510050|50ETF   |EBS|E|P|      10000|     3.0000|20180102|20180228|20180228|20180301|20180228|0|       13567|     0.0420|     0.0420|     3.0180|N|     0.3402|     0.0001|         3861.60| 12.00|  7.00|           1|           1|          30|           1|          10|     0.0001|0000E   |
R0301|10001162|510050P1802M03100  |50ETF沽2月3100      |510050|50ETF   |EBS|E|P|      10000|     3.1000|20180102|20180228|20180228|20180301|20180228|0|        3265|     0.0980|     0.0980|     3.0180|N|     0.3998|     0.0001|         4601.60| 12.00|  7.00|           1|           1|          30|           1|          10|     0.0001|0000E   |
R0301|10001163|510050C1803M02650  |50ETF购3月2650      |510050|50ETF   |EBS|E|C|      10000|     2.6500|20180102|20180328|20180328|20180329|20180328|1|         333|     0.3979|     0.3994|     3.0180|N|     0.7012|     0.0976|         7615.60| 12.00|  7.00|           1|           1|          30|           1|          10|     0.0001|0000E   |
R0301|10001164|510050C1803M03100  |50ETF购3月3100      |510050|50ETF   |EBS|E|C|      10000|     3.1000|20180102|20180328|20180328|20180329|20180328|1|        4435|     0.0560|     0.0560|     3.0180|N|     0.3496|     0.0001|         3361.60| 12.00|  7.00|           1|           1|          30|           1|          10|     0.0001|0000E   |
R0301|10001165|510050P1803M02650  |50ETF沽3月2650      |510050|50ETF   |EBS|E|P|      10000|     2.6500|20180102|20180328|20180328|20180329|20180328|1|        2598|     0.0033|     0.0033|     3.0180|N|     0.2315|     0.0001|         1888.00| 12.00|  7.00|           1|           1|          30|           1|          10|     0.0001|0000E   |
R0301|10001166|510050P1803M03100  |50ETF沽3月3100      |510050|50ETF   |EBS|E|P|      10000|     3.1000|20180102|20180328|20180328|20180329|20180328|1|        2151|     0.1071|     0.1071|     3.0180|N|     0.4089|     0.0001|         4692.60| 12.00|  7.00|           1|           1|          30|           1|          10|     0.0001|0000E   |
R0301|10001167|510050C1806M02650  |50ETF购6月2650      |510050|50ETF   |EBS|E|C|      10000|     2.6500|20180102|20180627|20180627|20180628|20180627|1|         510|     0.4372|     0.4402|     3.0180|N|     0.7420|     0.1384|         8023.60| 12.00|  7.00|           1|           1|          30|           1|          10|     0.0001|0000E   |
R0301|10001168|510050C1806M03100  |50ETF购6月3100      |510050|50ETF   |EBS|E|C|      10000|     3.1000|20180102|20180627|20180627|20180628|20180627|1|        2817|     0.1130|     0.1130|     3.0180|N|     0.4066|     0.0001|         3931.60| 12.00|  7.00|           1|           1|          30|           1|          10|     0.0001|0000E   |
R0301|10001169|510050P1806M02650  |50ETF沽6月2650      |510050|50ETF   |EBS|E|P|      10000|     2.6500|20180102|20180627|20180627|20180628|20180627|1|        3813|     0.0109|     0.0109|     3.0180|N|     0.2391|     0.0001|         1964.00| 12.00|  7.00|           1|           1|          30|           1|          10|     0.0001|0000E   |
R0301|10001170|510050P1806M03100  |50ETF沽6月3100      |510050|50ETF   |EBS|E|P|      10000|     3.1000|20180102|20180627|20180627|20180628|20180627|1|        2249|     0.1305|     0.1305|     3.0180|N|     0.4323|     0.0001|         4926.60| 12.00|  7.00|           1|           1|          30|           1|          10|     0.0001|0000E   |
R0301|10001171|510050C1801M03200  |50ETF购1月3200      |510050|50ETF   |EBS|E|C|      10000|     3.2000|20180103|20180124|20180124|20180125|20180124|1|        6018|     0.0008|     0.0008|     3.0180|N|     0.2844|     0.0001|         2120.60| 12.00|  7.00|           1|           1|          30|           1|          10|     0.0001|0000E   |
R0301|10001172|510050P1801M03200  |50ETF沽1月3200      |510050|50ETF   |EBS|E|P|      10000|     3.2000|20180103|20180124|20180124|20180125|20180124|1|        1359|     0.1816|     0.1820|     3.0180|N|     0.4838|     0.0001|         5441.60| 12.00|  7.00|           1|           1|          30|           1|          10|     0.0001|0000E   |
R0301|10001173|510050C1802M03200  |50ETF购2月3200      |510050|50ETF   |EBS|E|C|      10000|     3.2000|20180103|20180228|20180228|20180301|20180228|0|       15228|     0.0112|     0.0112|     3.0180|N|     0.2948|     0.0001|         2224.60| 12.00|  7.00|           1|           1|          30|           1|          10|     0.0001|0000E   |
R0301|10001174|510050P1802M03200  |50ETF沽2月3200      |510050|50ETF   |EBS|E|P|      10000|     3.2000|20180103|20180228|20180228|20180301|20180228|0|         882|     0.1792|     0.1820|     3.0180|N|     0.4838|     0.0001|         5441.60| 12.00|  7.00|           1|           1|          30|           1|          10|     0.0001|0000E   |
R0301|10001175|510050C1803M03200  |50ETF购3月3200      |510050|50ETF   |EBS|E|C|      10000|     3.2000|20180103|20180328|20180328|20180329|20180328|1|        7131|     0.0283|     0.0283|     3.0180|N|     0.3119|     0.0001|         2395.60| 12.00|  7.00|           1|           1|          30|           1|          10|     0.0001|0000E   |
R0301|10001176|510050P1803M03200  |50ETF沽3月3200      |510050|50ETF   |EBS|E|P|      10000|     3.2000|20180103|20180328|20180328|20180329|20180328|1|        1156|     0.1804|     0.1820|     3.0180|N|     0.4838|     0.0001|         5441.60| 12.00|  7.00|           1|           1|          30|           1|          10|     0.0001|0000E   |
R0301|10001177|510050C1806M03200  |50ETF购6月3200      |510050|50ETF   |EBS|E|C|      10000|     3.2000|20180103|20180627|20180627|20180628|20180627|1|        3224|     0.0779|     0.0779|     3.0180|N|     0.3615|     0.0001|         2891.60| 12.00|  7.00|           1|           1|          30|           1|          10|     0.0001|0000E   |
R0301|10001178|510050P1806M03200  |50ETF沽6月3200      |510050|50ETF   |EBS|E|P|      10000|     3.2000|20180103|20180627|20180627|20180628|20180627|1|        1296|     0.1975|     0.1933|     3.0180|N|     0.4951|     0.0001|         5554.60| 12.00|  7.00|           1|           1|          30|           1|          10|     0.0001|0000E   |
R0301|10001179|510050C1801M03300  |50ETF购1月3300      |510050|50ETF   |EBS|E|C|      10000|     3.3000|20180108|20180124|20180124|20180125|20180124|1|        2011|     0.0003|     0.0003|     3.0180|N|     0.2739|     0.0001|         2115.60| 12.00|  7.00|           1|           1|          30|           1|          10|     0.0001|0000E   |
R0301|10001180|510050P1801M03300  |50ETF沽1月3300      |510050|50ETF   |EBS|E|P|      10000|     3.3000|20180108|20180124|20180124|20180125|20180124|1|         754|     0.2802|     0.2820|     3.0180|N|     0.5838|     0.0001|         6441.60| 12.00|  7.00|           1|           1|          30|           1|          10|     0.0001|0000E   |
R0301|10001181|510050C1802M03300  |50ETF购2月3300      |510050|50ETF   |EBS|E|C|      10000|     3.3000|20180108|20180228|20180228|20180301|20180228|0|        5640|     0.0045|     0.0045|     3.0180|N|     0.2781|     0.0001|         2157.60| 12.00|  7.00|           1|           1|          30|           1|          10|     0.0001|0000E   |
R0301|10001182|510050P1802M03300  |50ETF沽2月3300      |510050|50ETF   |EBS|E|P|      10000|     3.3000|20180108|20180228|20180228|20180301|20180228|0|         747|     0.2714|     0.2820|     3.0180|N|     0.5838|     0.0001|         6441.60| 12.00|  7.00|           1|           1|          30|           1|          10|     0.0001|0000E   |
R0301|10001183|510050C1803M03300  |50ETF购3月3300      |510050|50ETF   |EBS|E|C|      10000|     3.3000|20180108|20180328|20180328|20180329|20180328|1|        4422|     0.0145|     0.0145|     3.0180|N|     0.2881|     0.0001|         2257.60| 12.00|  7.00|           1|           1|          30|           1|          10|     0.0001|0000E   |
R0301|10001184|510050P1803M03300  |50ETF沽3月3300      |510050|50ETF   |EBS|E|P|      10000|     3.3000|20180108|20180328|20180328|20180329|20180328|1|        1290|     0.2657|     0.2820|     3.0180|N|     0.5838|     0.0001|         6441.60| 12.00|  7.00|           1|           1|          30|           1|          10|     0.0001|0000E   |
R0301|10001185|510050C1806M03300  |50ETF购6月3300      |510050|50ETF   |EBS|E|C|      10000|     3.3000|20180108|20180627|20180627|20180628|20180627|1|        3792|     0.0530|     0.0531|     3.0180|N|     0.3267|     0.0001|         2643.60| 12.00|  7.00|           1|           1|          30|           1|          10|     0.0001|0000E   |
R0301|10001186|510050P1806M03300  |50ETF沽6月3300      |510050|50ETF   |EBS|E|P|      10000|     3.3000|20180108|20180627|20180627|20180628|20180627|1|        1363|     0.2680|     0.2820|     3.0180|N|     0.5838|     0.0001|         6441.60| 12.00|  7.00|           1|           1|          30|           1|          10|     0.0001|0000E   |
R0301|10001187|510050C1801M03400  |50ETF购1月3400      |510050|50ETF   |EBS|E|C|      10000|     3.4000|20180111|20180124|20180124|20180125|20180124|1|        1926|     0.0002|     0.0002|     3.0180|N|     0.2638|     0.0001|         2114.60| 12.00|  7.00|           1|           1|          30|           1|          10|     0.0001|0000E   |
R0301|10001188|510050P1801M03400  |50ETF沽1月3400      |510050|50ETF   |EBS|E|P|      10000|     3.4000|20180111|20180124|20180124|20180125|20180124|1|         525|     0.3800|     0.3820|     3.0180|N|     0.6838|     0.0802|         7441.60| 12.00|  7.00|           1|           1|          30|           1|          10|     0.0001|0000E   |
R0301|10001189|510050C1802M03400  |50ETF购2月3400      |510050|50ETF   |EBS|E|C|      10000|     3.4000|20180111|20180228|20180228|20180301|20180228|0|        2496|     0.0022|     0.0022|     3.0180|N|     0.2658|     0.0001|         2134.60| 12.00|  7.00|           1|           1|          30|           1|          10|     0.0001|0000E   |
R0301|10001190|510050P1802M03400  |50ETF沽2月3400      |510050|50ETF   |EBS|E|P|      10000|     3.4000|20180111|20180228|20180228|20180301|20180228|0|         465|     0.3696|     0.3820|     3.0180|N|     0.6838|     0.0802|         7441.60| 12.00|  7.00|           1|           1|          30|           1|          10|     0.0001|0000E   |
R0301|10001191|510050C1803M03400  |50ETF购3月3400      |510050|50ETF   |EBS|E|C|      10000|     3.4000|20180111|20180328|20180328|20180329|20180328|1|        4137|     0.0076|     0.0076|     3.0180|N|     0.2712|     0.0001|         2188.60| 12.00|  7.00|           1|           1|          30|           1|          10|     0.0001|0000E   |
R0301|10001192|510050P1803M03400  |50ETF沽3月3400      |510050|50ETF   |EBS|E|P|      10000|     3.4000|20180111|20180328|20180328|20180329|20180328|1|        1027|     0.3580|     0.3820|     3.0180|N|     0.6838|     0.0802|         7441.60| 12.00|  7.00|           1|           1|          30|           1|          10|     0.0001|0000E   |
R0301|10001193|510050C1806M03400  |50ETF购6月3400      |510050|50ETF   |EBS|E|C|      10000|     3.4000|20180111|20180627|20180627|20180628|20180627|1|        3499|     0.0369|     0.0369|     3.0180|N|     0.3005|     0.0001|         2481.60| 12.00|  7.00|           1|           1|          30|           1|          10|     0.0001|0000E   |
R0301|10001194|510050P1806M03400  |50ETF沽6月3400      |510050|50ETF   |EBS|E|P|      10000|     3.4000|20180111|20180627|20180627|20180628|20180627|1|         729|     0.3572|     0.3820|     3.0180|N|     0.6838|     0.0802|         7441.60| 12.00|  7.00|           1|           1|          30|           1|          10|     0.0001|0000E   |
